25
11
11
1
25
18
12
23
20
14
26
19
23
22
7
10
1
8
14
4
7
9
5
19
18
21
26
21
13
22
14
19
7
24
12
1
22
23
25
8
5
14
16
20
5
10
25
9
15
26
11
15
18
24
21
17
6
12
7
3
13
4
20
23
16
2
12
26
1
22
14
7
24
19
19
10
25
24
22
2
5
14
15
18
8
12
26
4
24
18
20
19
15
22
7
9
23
13
6
1
22
4
5
12
25
23
18
12
26
21
11
22
18
1
13
21
12
7
23
18
12
5
19
21
24
14
20
18
22
23
2
9
5
26
12
7
14
3
16
6
25
13
19
17
24
4
15
1
10
20
3
18
22
12
2
16
8
11
7
24
13
21
26
1
25
18
4
22
23
10
5
15
12
13
20
9
5
21
1
5
4
24
6
20
7
18
26
8
19
14
22
11
13
8
18
1
4
12
13
2
17
20
25
15
21
5
13
14
18
3
23
24
5
12
7
25
16
26
1
23
10
18
15
19
22
14
26
13
20
24
6
17
12
4
7
9
21
22
5
19
23
13
16
24
15
18
8
19
24
26
11
7
25
14
18
5
6
7
21
1
12
22
2
26
24
23
7
12
13
8
21
9
5
18
1
12
14
12
21
4
15
17
20
7
10
19
18
12
26
11
9
1
12
7
24
4
25
22
8
21
23
20
6
12
20
18
13
19
13
14
26
20
16
2
12
1
22
17
24
15
7
5
14
15
13
15
3
25
4
8
26
23
6
19
18
9
12
23
24
11
4
20
22
7
21
14
24
13
8
11
13
14
23
20
18
22
26
9
6
25
6
1
25
12
13
