365
49 27 4 49 43 35 92 46 44 0 28 86 87 65 48 14 25 93 77 87 74 92 58 95 46 68
13077 8897 2433 9339 3272 7590 1450 17887 9887 310 9021 6916 12263 18794 13448 9270 14702 11695 13364 2562 365 18099 18943 13944 19890 18350
9652 19039 4543 2894 17263 1207 8529 14610 3974 15196 19292 9854 10258 9694 4759 16257 18111 16279 10258 9434 18078 13304 12630 12464 6815 13386
5755 3917 10821 16150 13652 3523 13373 2173 17196 4101 19884 19165 2402 10786 8669 15068 16685 9269 5506 4800 11463 629 17490 13863 12413 12152
18134 12369 18008 2448 2119 1026 7993 2360 8501 10527 9108 5561 6585 3194 15385 10899 17336 2652 14907 571 16081 10727 17800 8983 10411 3415
14505 16027 7895 7488 3817 17592 7179 9412 10885 4446 2455 468 10177 3588 4592 13389 16200 738 5289 10853 17852 7424 11517 9464 19221 9855
6314 10244 15293 5271 10011 4336 16981 4834 12048 18273 1564 4581 1066 1570 12042 8460 11122 13117 4431 17847 13817 11880 19770 15896 17034 17137
18778 16679 1556 18761 14656 10975 10309 18779 6438 15804 17919 19071 9850 3574 3027 5 18811 18819 10342 14132 4608 15677 12166 15661 16630 11608
1385 4791 90 2637 12030 15408 17282 5627 14311 3168 2672 621 16763 426 1714 10015 280 1564 17352 4718 4742 14295 19790 13391 9765 4603
8403 9687 10873 5529 10638 13038 7714 1483 8456 12201 17669 7822 18566 5309 9837 13296 14726 8101 14550 19276 17070 1183 18884 17300 7576 12003
2865 13287 9129 17412 3562 8520 12091 13651 11900 18814 17657 2214 5333 18788 5546 12440 1051 8123 964 18595 7765 9920 12088 202 2455 8714
446 13949 11457 16574 5674 14223 7183 12296 1043 3461 9729 8783 4578 14980 8339 885 14240 14553 3671 19208 17001 224 8083 12581 8032 18660
13782 8117 15097 3942 11368 14271 1465 15047 15879 18032 9725 15069 8251 2558 9719 19248 1559 10234 19940 14830 7937 10297 5155 15931 5249 19555
14892 7780 9847 15798 527 3481 10473 1674 12215 6766 6747 13725 4745 14993 3550 13684 8712 6073 4394 6626 461 18875 19882 18364 17338 8615
9490 11286 1041 14564 12129 11994 16450 13307 10057 13770 12420 8503 17101 19284 6417 7087 2209 10418 4788 8311 0 19609 16254 995 12210 19703
11364 11000 11902 3643 10969 18636 19298 11958 4326 2428 11203 4916 2970 1441 12377 13150 10839 8761 5788 15680 16816 14247 7888 15005 11698 18490
1503 14973 14900 17754 18057 9824 11695 2399 5974 19953 5257 10483 6210 4802 10491 18442 2619 14847 13384 10714 2885 15841 365 6135 1040 13507
8704 17705 5292 15752 15259 10856 89 18980 2305 18334 18472 1151 16294 4719 1953 4047 9700 15444 5828 13643 13504 12623 16948 16178 11272 12278
15684 5773 16584 704 1931 12699 8315 19305 4825 12922 8101 13063 8868 10653 3295 18590 10799 13577 16410 12261 14679 1136 7874 17619 18599 746
16952 1028 3932 5212 6960 14785 3238 5963 7455 10566 19344 11313 3995 19363 7107 17294 6632 15893 11546 16208 4023 19235 16512 1635 8437 4066
16523 3195 7250 19917 1966 13935 9234 18493 14831 12426 417 2083 15602 3523 4224 14587 10686 1689 1285 7943 3591 12256 11318 5861 16573 5395
1820 10072 11643 17231 3602 8973 18726 3127 14523 9244 4863 13655 16046 585 17389 15218 16093 1452 18423 14742 14950 3019 9818 8998 17846 2187
19451 15102 11457 10584 13997 3221 5786 10118 17698 1876 4390 19815 17924 460 12546 3258 16173 3596 19512 13508 4073 4838 9356 5067 2400 7103
5854 7134 635 11496 19134 5432 3335 1298 10631 3965 6485 13746 15599 3956 354 7610 11690 8780 14315 562 7571 16508 10419 5955 18526 9175
17142 1574 9425 8130 10801 12243 8132 19503 13674 6996 13974 5327 3703 13429 2651 11028 15697 3168 19782 19064 9753 15687 12130 7360 1110 6082
12558 15702 2422 16195 3899 7589 14778 14388 3986 5969 9082 14731 2258 9425 10361 5900 13592 18342 6596 13305 10018 18077 7178 3564 11343 6039
18883 4074 18683 1256 14276 11515 2250 4404 18286 15978 13996 8295 4513 18821 18896 11228 14155 375 4973 16628 18912 1184 12092 3917 4385 12513
12959 1846 3756 16625 5929 12037 4007 14458 10951 6908 12086 10105 4590 5245 5311 7103 8010 14109 12494 8061 1273 11295 11646 15013 1434 18493
13560 5035 12330 3452 14030 2619 17738 8397 13874 10072 10250 11096 1556 5880 2566 1302 13193 403 18160 960 19051 12486 1772 8168 15001 18251
186 15301 18328 4143 18605 8720 9608 6874 7556 5819 8144 13783 18441 16385 7178 17183 9919 7029 4686 16182 3045 11658 17271 6121 5838 13900
8800 17658 3193 6554 4453 6590 1583 13084 1293 11243 6273 17992 8752 8179 8441 510 8544 4041 9207 16967 10800 19946 8642 4074 14208 13047
16875 2028 10095 19964 19224 10972 10162 5661 16712 16192 13215 5557 7477 19816 4856 16242 782 18186 3032 13147 17183 9089 18202 16280 742 18359
11111 13442 16205 4451 4655 11668 2242 11990 5210 7059 5916 3277 4586 19746 15322 19482 7766 2026 19913 2125 16244 18871 2464 10794 9742 13213
15977 4731 14600 15728 11612 19020 19659 16691 8806 16946 14705 11284 12609 6650 13993 14500 10701 16859 12633 1815 18959 4664 2425 3220 11753 6159
16419 11052 7503 16830 14107 5894 11286 9001 386 357 6900 1489 11406 6689 3593 1910 7085 18538 16952 1130 6494 13438 1178 17024 9532 8535
8959 7339 9578 14024 8140 16948 19648 10425 13767 5559 18998 19814 17114 8416 17920 16196 3740 15572 19797 6023 5173 1722 13937 8285 10463 8810
17295 16129 17353 16539 11223 10998 9887 13005 14132 2207 13645 4498 241 4498 4367 14054 605 14397 14265 3617 9539 15583 12781 3204 10311 10545
16935 10537 6528 1282 6214 9078 2247 2731 3769 16377 15339 5722 14385 14684 6724 8322 14111 13204 11432 13003 10296 18972 2283 14992 11641 6257
2020 3278 15879 10580 9562 1277 1714 15208 8803 7650 19225 17153 16297 14101 16449 1435 13114 1746 16143 18064 14848 11038 19486 13177 561 540
5507 5088 4665 5886 18118 4291 5906 10895 5518 12995 15167 12111 8433 223 10805 18875 4839 11644 13979 15010 11459 13638 3171 15195 18015 5011
16697 18017 2293 4926 9379 3096 3351 19527 16840 10866 3777 11275 12049 15072 10719 12258 11367 985 3423 621 13599 5956 9069 4171 9085 18992
18048 17446 11305 6298 19821 3392 19416 11622 1472 13558 18862 1779 10080 9014 13685 3301 15567 8355 13627 16852 17650 6740 10663 16445 8899 12115
10621 418 13916 15703 3277 8852 2992 719 17769 13560 13733 5510 10399 19364 9578 13872 596 6044 8236 7168 5265 4403 3529 13365 6705 6670
4510 8290 13397 3484 9606 17138 7357 10701 13804 7888 5274 14605 18964 16443 9658 19832 5100 13764 1115 1185 4589 4329 6066 8519 7236 15655
4278 15597 18742 9652 11352 14668 12774 1269 8690 12033 14464 18124 16021 435 7219 6944 7925 19289 19401 18144 5013 12436 6205 17678 4169 5051
16998 4145 14039 2898 19374 2086 1245 6878 11402 11261 6375 7226 197 17623 116 12053 2256 16918 13653 13570 13584 18487 17814 5114 18902 14153
10118 5876 16032 4774 5769 10442 7013 16862 1374 17807 12896 14827 12166 7146 15016 14419 8072 2855 3337 4274 8818 4195 976 3256 3457 15342
13181 4527 7021 11962 8743 9993 17970 6030 3393 9572 10888 2461 1691 407 16507 4879 16817 17125 9466 11332 741 16496 6902 9536 19076 3996
13193 2310 8559 18743 12737 17601 6243 7432 18853 3830 1101 1115 4585 5647 18648 13473 3378 13964 16796 773 12154 3372 15717 14243 7732 18721
8769 8325 18713 12345 7136 17381 488 13999 18229 14949 7441 19963 12356 138 19636 8898 18812 1559 14592 3865 9461 6812 11855 16162 18826 13637
15087 12300 3430 11735 12622 1184 7271 217 10798 15504 6963 7193 8848 12556 8800 2623 2736 10169 9703 14501 392 5213 6677 159 5920 16247
19058 10513 18990 11580 18459 14267 5695 13128 17279 14486 18869 10771 9126 749 4755 19954 8133 2569 18734 4021 4782 11688 287 18354 15218 331
12446 14456 5793 6773 18668 10942 5006 18849 12628 11217 17972 17931 4678 7562 19420 17870 9749 3062 5990 17356 5776 14963 3891 8402 15254 9954
12934 11049 8333 3329 10269 16117 16945 4396 12546 11665 6479 11108 11706 14280 9239 6454 7367 18855 9038 7677 3663 1560 2304 10205 11360 9465
15892 10855 17310 8778 10569 15777 15996 17428 2114 8840 17922 15839 896 7836 9169 12501 13763 16816 12075 507 8914 10951 8400 16624 5853 18106
15770 3870 11329 7777 11510 2905 12035 18411 17396 14438 14568 16800 15706 5793 6471 6012 17665 15626 312 5212 19075 3891 19375 2293 805 2470
56 17457 10742 5683 13513 18870 16282 16245 2013 13369 4751 12620 11290 6230 13701 5297 19441 6652 13077 15933 8486 14487 9779 16350 2816 9907
2680 16593 11160 6182 11585 18480 14472 3011 19361 3071 1000 1182 1133 617 13904 12691 2316 10165 11006 3675 15896 13886 5519 9357 14679 12802
10993 5335 10408 10880 9403 7192 14730 15698 15611 8486 10506 18519 10922 14776 6470 7929 11909 2153 15621 14154 18779 13532 9174 8369 19108 11585
7700 276 16531 14918 8784 12561 19489 15130 617 4804 12020 4513 11862 19139 6642 12720 19266 5470 9348 6485 12813 14699 15027 14475 18950 5699
11585 11957 18177 2085 13055 10280 7690 14088 4858 1653 16429 8335 13865 14572 16088 6150 10054 9133 9157 11037 12278 15018 6025 7605 9339 13374
16728 4893 7784 7058 5393 10036 12666 9129 18720 11897 12965 6514 19716 4336 5411 837 1845 7094 6051 9458 9502 17031 9145 3508 4284 9044
14539 13744 13203 19148 14179 14899 9238 1056 14432 16290 18276 8192 12656 7788 8526 8458 5857 11365 3968 5710 18481 1597 4909 12778 5646 5595
11767 10547 6951 5562 2612 17225 14411 14088 9731 2212 2256 11971 16535 4035 14616 9479 2908 15877 13927 16544 14242 6420 5576 10064 6128 8094
3079 6416 11667 12089 7840 19756 12127 1029 8814 7765 13331 2160 9079 5662 1741 706 7196 19147 10492 104 7002 6846 18998 15210 14877 2525
755 11496 9667 14793 2316 16260 7055 17486 10813 1313 3520 13538 6108 14902 5566 18427 17833 12413 13843 11495 3432 14189 6271 10853 17656 6745
3564 19614 10591 14182 12313 11494 6847 2530 9093 13006 8622 10781 6793 19632 14278 11287 7605 3419 1905 3051 6039 5066 920 9930 12347 17759
8380 15785 15095 12550 19417 10022 9105 16084 250 6424 15645 19914 19527 13904 18234 5117 6303 6688 7958 17028 13481 17377 17600 5835 7660 6406
18068 1911 14569 528 17279 7411 11529 6821 376 1450 5132 16067 14150 14180 18241 6903 14410 6846 10807 18248 13701 3042 14643 16103 17150 19871
18571 19946 3870 3124 12583 650 871 2595 15286 10640 14579 3630 10850 9677 721 4377 11984 3523 10736 9692 1691 9365 4607 3604 18187 16752
7673 8960 15311 16358 9595 14852 10892 4196 6290 10459 12524 16523 10699 10448 11818 1652 13951 12160 773 12315 4750 18636 10729 6120 11611 363
3964 16081 12957 1211 9842 13914 16691 13497 3181 17572 1356 3115 1143 18195 15289 6114 1180 7236 5909 15880 14392 13525 2981 8357 16468 8445
16940 3128 19651 18094 4172 7668 19639 16545 14984 8564 11765 6875 773 2442 9092 1852 2883 17706 12965 17944 13438 14569 4643 17090 2203 9870
5332 8054 14541 7340 2100 14409 6297 793 15883 13348 13578 6349 15295 3813 17964 5589 11091 1623 6568 12201 15675 12208 5259 17872 9496 4510
10026 17730 12165 15829 6107 2354 17252 460 6756 4935 5742 6330 2101 19786 12738 139 4026 6124 17088 13956 5758 12343 752 19837 13668 2234
17695 2002 14405 1592 16206 8638 14867 12145 6045 19271 3508 13776 5090 7581 15507 8697 17224 1954 19434 5033 8147 17930 12220 2976 1662 13338
13939 16094 968 17626 7007 14829 14174 6553 14103 19112 4953 15746 9590 11620 4610 9445 2618 9369 13576 5349 9017 2945 8148 4609 13075 9408
5996 5392 6965 5987 10893 15715 5189 5953 7125 4937 7315 926 17085 568 11084 19792 12429 16529 8100 3118 12490 5041 10210 9398 18969 17434
5852 10499 16828 7580 16063 17975 16146 6997 13085 13532 1799 1121 10320 1116 13851 10774 9877 475 14405 3896 160 6801 7055 19428 12076 9605
4208 1337 3272 16469 6961 11782 16443 2495 3835 205 5546 12965 2186 19178 11172 14289 2882 14297 1034 722 3521 19858 16755 17892 10567 13949
12625 19763 18265 17369 18322 2748 8587 5576 10997 15951 16626 1220 1910 14795 3169 17528 14917 2968 19602 9955 3 9803 10131 8726 6784 10226
17157 9101 9904 833 19847 1762 19611 7734 8779 19057 9596 15208 4528 14655 10576 8197 16727 17016 19106 5626 19189 18260 14195 19289 3412 18520
4634 12535 18053 3081 6614 13583 13971 4423 5527 9989 9941 17567 8193 18515 9055 8197 2365 6047 253 7286 3954 4900 1548 7435 10290 17149
12247 69 9463 9110 975 297 11542 5955 13665 13892 8511 3851 531 16170 19474 15077 641 4832 13856 16163 8762 15650 5443 17456 13203 11168
18829 12673 4245 13469 17625 7123 15152 18934 13114 12181 17014 3919 13973 2435 17174 13837 14999 18781 11800 780 16211 6545 618 6 13559 5909
18845 5144 8733 2518 17674 8728 17671 19440 16889 1989 6085 8674 9980 1372 19741 17424 16768 7969 15234 2953 4998 18283 15747 14613 16203 12474
9138 3526 8841 15912 11221 1239 15810 9093 14093 189 12606 16746 3054 5148 1206 4921 1361 2892 14156 8301 8488 11227 4707 15175 8968 11784
1451 14887 3320 1668 8721 18234 7947 5655 1386 14418 9520 13378 12114 19840 19359 6216 7975 10716 15513 15443 9346 12350 4398 4944 4471 19382
12914 3584 9402 19114 3739 10728 12584 14968 9776 3660 1285 19081 9843 19259 1263 18087 14753 3950 10884 12217 3599 18987 5918 6122 19122 15017
7163 18618 5103 16701 3565 2711 11130 1465 6327 16041 7675 4578 6350 19651 9653 12520 17101 6346 3280 8114 10346 12201 9646 1802 17532 3442
4861 12058 6051 1174 3963 4760 825 3458 16429 12796 7163 9617 558 15860 10145 7986 17178 18458 8151 3793 9430 1976 2622 12488 8983 16724
14850 11904 8394 18665 568 12708 3969 12953 5750 8871 4390 1924 9573 5175 55 7536 9600 6781 7523 17574 7532 3003 5034 1355 12423 5957
5032 6031 3278 10948 10631 7244 6121 11670 3773 16196 14222 512 17285 12345 10850 10832 8466 13546 19102 15107 9438 16414 13753 15117 5352 15406
2069 9812 15362 2489 16630 10306 14743 7752 1657 3118 10821 6130 15155 11377 18838 1126 1500 10737 4135 5760 10211 6330 17479 13351 3183 595
5604 11738 3258 13534 15585 17593 16918 6032 14945 6883 10733 15129 17499 19666 11360 3222 14085 11357 4926 8275 11894 19197 8968 2087 5348 13506
13116 11633 13484 18708 18200 11403 18205 17881 8086 13912 13305 2418 6794 16802 11474 4829 12333 13679 14491 11236 16227 10604 1433 3382 17987 19613
15669 12222 6184 12331 6857 9156 9663 8636 17990 14030 8567 8880 11777 9130 18730 12828 2502 16630 17402 10080 13600 6050 5459 17345 18120 753
277 6819 16545 16189 1232 15338 2848 2481 16564 873 12497 8338 11054 9846 9684 17020 14022 8139 9840 13531 3399 19345 12795 4479 9721 18130
18898 5639 19775 6111 8168 19724 8022 10549 11553 17326 6662 14321 19650 5740 12046 11793 13706 3119 13702 17945 15510 15223 2492 17168 9438 3376
18381 1516 9631 14150 4478 19650 9575 10017 9432 11992 14452 575 8466 18830 15721 1135 14714 10679 16593 14751 9202 14361 17919 4761 2402 14579
19976 17166 9012 6224 1864 7665 14291 3741 43 18659 13009 11207 68 12516 15758 4117 9051 6007 9692 15652 12937 13262 4599 6317 16614 19900
2103 8288 4666 12912 11386 9426 18001 10594 16717 8744 17023 17149 15779 11709 4210 3336 7757 1560 12924 2059 5885 18696 16785 3151 616 8490
11354 17621 3093 19787 19067 15398 1859 8311 17587 6590 11741 6200 14013 6234 2675 19246 14136 11140 2586 6395 16459 13276 10480 1240 17437 283
17030 4968 8544 12961 17421 5808 1811 1807 11201 11557 2902 1726 17127 8312 1268 5316 10448 14996 14151 9209 3548 5751 3744 2207 11092 7095
8557 16721 3658 18787 2822 6346 3989 2093 17972 4714 15958 19695 19568 1404 4928 17410 651 14080 19934 18513 425 13704 4713 2135 15070 1663
10700 13179 17139 1431 13170 15973 14679 17351 9333 17451 16696 17474 4276 6694 15698 8592 16959 4027 3807 10452 13335 10877 1976 12922 17092 136
2453 2750 6159 2883 6564 9922 3855 3802 13720 1933 4375 6060 13333 17376 11659 11491 8407 9915 19243 944 427 16273 19853 5752 10163 12816
12768 1971 14063 10181 18835 7684 11066 12048 17046 9824 9919 429 15047 3303 10955 17700 6976 19506 6787 2724 96 4410 1530 4238 18211 18708
2827 12105 6446 14476 2793 15230 7858 898 13090 2889 8381 19051 13315 2046 11977 5679 4831 7839 17841 6835 11361 7689 12445 2779 8212 1341
16419 8647 1020 8848 14617 13737 8378 19176 5694 6841 13562 10652 3730 17584 19259 14299 14810 13691 14846 5958 13199 14897 10927 16003 2783 19076
11975 17735 10334 1259 6652 12760 2948 12548 736 7065 5366 3628 5634 5280 5023 14505 16172 3703 711 17381 18053 3811 3567 7236 18721 5743
18875 874 8532 13088 11057 13702 16035 989 8874 7173 19558 12221 18394 4559 15377 2635 8029 16285 3423 11134 6269 5434 1554 16651 1698 14741
19641 451 3209 9973 12649 2981 9477 13792 9072 13989 15684 4844 14790 7403 17109 3019 541 7067 2476 5367 14735 19500 11514 5129 7773 15857
8282 4359 19285 15675 13575 5248 9360 639 3552 16423 11553 9700 8514 9285 8931 18465 9623 19924 11906 12037 434 9053 5491 8937 4157 786
19533 3476 9083 10375 77 11043 16061 12016 7335 1991 6432 18871 6030 60 18531 11776 11162 12772 8271 12614 9733 18596 939 5385 12778 8819
15448 14694 9238 4766 12031 3162 2249 10355 15820 19062 8475 5405 19558 1979 15120 4235 6315 9525 15601 14253 10425 15557 1075 5228 16750 7405
17234 5462 9924 9844 13459 3750 16594 6089 18100 4205 5731 10080 5492 14679 5515 1123 7797 10507 11185 14530 19957 16507 17061 13331 11924 17808
14633 7653 18940 5131 16528 1513 5024 12117 14248 6648 13459 19774 915 13994 5255 2991 10253 18750 1625 4584 19065 12822 5979 12283 6008 14886
4859 16171 19490 16159 18128 10787 19693 15902 1774 2496 12400 2092 6973 16347 17915 9520 13436 5833 8021 3933 2453 2235 19628 14000 11511 2201
11802 7656 18153 16969 12018 16175 2910 14520 1569 3029 1166 5720 1721 11514 1525 9239 2392 8199 15221 16152 7421 11413 20000 6875 16337 4207
2078 6261 18136 17295 19383 5513 5082 13297 9357 16730 464 10003 5642 8224 6921 13915 18222 19615 12509 1567 12973 10809 5686 8640 11291 9263
7411 16493 15861 1100 15638 3471 8387 1407 14378 3307 17577 18919 4367 1466 14903 4420 15230 5569 600 13701 3039 16512 3032 6030 16642 11794
13893 12746 8505 5667 18768 12881 2304 4640 11542 11023 3925 17391 2952 12564 17837 14034 9345 5003 13978 6131 15488 13330 18524 4120 8723 15099
17664 16039 19287 10456 656 8892 7628 9862 15294 18695 16594 9472 17962 18995 15307 1826 17231 12924 19446 12438 14113 6517 16661 9106 8950 17040
6231 134 17875 14298 10346 7652 12595 1240 18528 7983 14825 7426 6847 671 7967 1012 9496 1011 17860 10812 19869 3616 16145 2653 9232 966
4898 10036 19641 14659 5357 3443 8243 13881 15754 6632 17495 10087 17658 3136 3333 7102 666 13873 7312 3109 16657 16808 5089 19187 11370 15145
309 14441 16024 6110 12795 2380 11564 13094 6127 3067 19607 14785 12842 19648 18110 1170 12157 18488 6321 10513 6550 18280 912 9213 5340 17742
15278 13597 4053 13358 5045 15713 14531 12230 2434 6004 6677 13605 965 11623 11406 18058 8803 2824 16251 17859 19176 17375 4988 3826 14244 5263
6083 9472 6689 13303 3034 9433 17891 7699 6475 12602 12415 13686 6397 5937 6272 456 13881 19594 15648 2131 9913 527 10169 18376 264 7129
13195 8007 7733 18005 14148 4772 15644 18641 3368 2288 14179 19118 16763 18084 4278 8895 1179 8734 19355 10160 14038 19933 17291 4295 16439 13873
1055 14046 8038 11233 14675 2667 12955 7712 13713 10923 8771 17948 8304 12186 8582 16802 6879 1733 4264 381 16323 14334 18392 11232 17734 4102
19059 19629 8323 10944 8662 16966 19672 15854 6798 13734 12623 13807 10237 73 10593 11043 14257 15429 4398 1802 10673 12169 13247 1860 2556 19268
4907 2260 13435 9837 13508 13813 18322 1759 19996 4677 1256 10040 15607 13341 5795 12330 10253 327 12940 9905 1854 12014 8526 392 14562 5643
3272 14752 6090 1395 18019 1804 1212 14161 11411 13109 1428 16274 5229 8169 13117 7881 3565 170 12937 16223 14888 7823 5310 4106 9863 2884
4359 1481 5129 7394 4452 18811 16628 795 7928 52 3807 13065 3458 5084 17243 16728 7948 3485 7799 14099 14085 11660 4391 8552 9796 19229
1834 14920 19221 9513 4034 9325 1907 11579 12471 16484 13026 18756 12743 6075 4752 18752 1288 5354 157 8391 18781 2848 7772 6578 15975 11105
11339 13458 2868 2667 7889 3985 19558 5841 7987 1143 8847 18843 14729 5802 10802 13271 13882 17154 16247 245 6333 8694 10234 17850 6543 13476
572 10555 2586 12485 11125 14577 3103 955 15611 8151 19077 14224 2051 19875 14963 15298 4166 13445 17931 1780 10733 2287 4210 5360 10480 1074
2513 11322 18524 2486 16864 3678 6169 10662 10851 3169 4230 9888 3691 16711 2864 3367 7041 394 13361 7240 727 12163 14621 12022 8859 13178
14185 13070 13352 17247 4671 15304 3712 2172 3501 18415 563 11418 10237 7644 11684 19647 11719 14982 9717 2025 12685 13564 13433 15529 1725 14969
1005 5105 16220 7687 50 19896 15246 6682 1539 9530 6628 10205 4496 396 6804 506 9999 11868 12987 3195 8669 4079 19876 17601 7028 17249
5111 9870 17586 18281 17247 5766 10707 1566 231 18402 14073 10970 1056 8719 3586 2569 18111 16332 9903 16932 11030 13872 8402 10484 19392 11096
17222 10627 15267 2518 10319 17366 4665 9301 17213 13571 14305 3322 16516 12801 7570 6426 14975 15665 6327 3071 6187 12476 15368 13856 1960 8901
7529 13975 8600 2455 13626 10206 12623 886 15255 18176 648 19222 15629 13770 1076 2207 15359 10366 18792 11712 5701 13056 16470 6673 8396 12205
18530 4772 1251 10531 5736 16685 3096 14571 2400 19051 6258 10083 5655 6584 14763 2554 19989 9755 5167 16269 12808 18931 16631 4514 68 7476
10915 10812 3074 7772 16121 10865 2561 9708 10744 14755 3923 7156 19036 17231 17110 4703 10404 16388 2520 8013 2663 18700 19805 18586 17318 6485
10399 13400 18716 18718 18819 6745 5949 17889 9120 3975 5517 18942 12791 2049 1221 8210 2164 7062 3668 9356 17036 1382 7621 11946 9508 12205
13977 10418 102 2791 2388 1158 14442 6119 3287 4883 19088 16132 14980 36 19046 17556 14489 16537 9382 14961 7324 7574 3644 16977 4590 1158
19207 15970 6118 19952 19008 5061 6515 6214 4679 2728 12545 15733 10521 13726 12462 8017 17270 7407 3080 8274 15613 8495 19321 12026 2373 6719
5886 14865 4432 10714 10464 12532 11374 6759 10423 19193 13257 956 4609 11534 18355 8184 12717 8675 15470 8333 5018 13003 3162 9810 400 1819
14315 15062 5362 6468 212 8392 19805 3496 1441 5242 10852 7649 16586 17777 4306 6556 1581 19382 6012 19645 13210 14323 11041 11602 9460 16823
18672 5024 19309 13192 1683 5467 8068 4351 1281 15026 9423 14715 11114 4266 6828 2337 16077 7742 14867 6352 2388 13949 18131 6225 18467 1888
3281 18703 11101 1103 13447 11065 18645 15569 8795 8285 15313 16879 14208 7872 17382 7473 4790 19649 14284 662 11154 4771 18717 6294 2999 14756
19840 651 8642 10528 607 16976 1415 17960 10975 17180 2792 19490 1208 6860 9005 15032 16903 2585 4038 9446 15737 19271 9599 10518 14927 13748
18170 10367 11459 14971 5140 19405 12184 11093 16771 3403 9379 18366 14867 5775 13840 14945 11133 17884 3135 778 11095 1723 11411 3442 12718 7127
1387 19567 9851 2332 17285 4575 12777 6604 11464 2965 14527 7237 6018 7198 6665 7942 7180 10174 5340 19342 3827 810 5419 13014 70 16544
14026 19399 601 12464 10322 1736 13641 10848 5105 18648 16358 18047 14369 18073 14999 19892 11053 12189 14531 3631 7016 2653 9318 11425 5129 6122
4405 18383 8476 14919 181 11184 12894 17681 3714 11167 640 16335 15906 8695 1782 5767 17709 2365 5538 9761 8275 10141 14604 10680 72 15911
9919 12736 16545 14510 12284 19456 14081 3925 14370 18348 19691 7020 3613 6925 4537 1899 14082 17559 12367 4733 17847 9937 19893 14461 13539 17784
343 1511 10838 10018 15458 6571 16666 13871 5365 15185 14362 4377 17048 15690 8804 12039 16485 1597 10277 7816 4082 5115 11006 1375 10913 1156
11397 9421 14587 160 7384 11518 15994 18775 5328 4253 13024 19141 233 4098 19218 11244 13875 8020 7260 4507 2072 3358 19771 19960 10698 17039
12208 8707 2244 10810 10963 18771 14287 3989 4902 17295 10949 9366 19895 12298 15825 18884 15461 11780 12582 1900 3582 10800 17211 7434 2776 11425
8278 2012 13775 4963 15727 14520 2969 5168 18140 6061 668 4076 103 15909 2737 13881 1959 4792 17928 5096 16658 12650 15807 10189 12 11096
9155 17519 2452 16739 6446 6146 916 19436 12369 6417 293 9845 582 12762 18332 3071 18170 12726 19465 9290 5165 911 17465 17027 3976 19633
19272 11738 299 17353 11692 5219 9420 11517 2272 11250 17318 2344 18044 6898 6525 12707 6442 833 16076 8268 1334 1937 15594 18268 9322 1515
8460 16010 18487 11722 12177 17481 16072 12104 2209 13716 9589 5969 10648 2334 17301 1651 4171 4567 16706 18146 832 17667 13359 4737 19725 6581
322 131 16651 8357 14410 14774 13046 4450 226 962 12332 15373 2259 14767 15010 13470 18483 19536 3372 1677 10956 16486 17067 15487 8234 8508
11305 15089 2690 19912 5810 9849 18640 9611 1504 729 18005 9223 13840 2926 2478 16418 10631 10851 3499 4119 11229 6831 13386 239 16682 15613
7997 17320 9963 5662 15047 15045 18391 13267 7499 17170 4978 5561 3158 3148 2346 6726 16750 9000 710 14634 4698 19284 10232 19691 398 9759
11920 3454 4804 10116 6699 9916 7826 4439 5354 7539 4496 8850 17425 16569 4232 13463 16584 8970 2537 3380 16508 3343 18830 4547 2397 9494
9743 5594 1281 4581 16674 8411 16610 3170 16325 18921 10681 3656 6218 12587 17612 8766 14734 10644 13629 3171 16862 7640 11011 5614 18691 830
16804 17649 15452 18219 19557 5086 2241 17907 11506 7296 12643 16451 8499 11282 15739 19985 4849 10361 10760 184 6704 16954 8792 18236 12144 7157
9103 4840 18569 5701 7212 2883 18775 10430 18327 964 645 1154 11065 12740 19458 13543 17097 13559 5726 13660 15980 11357 5226 14193 2658 2940
5463 5393 1130 2935 5108 10524 14672 14659 2586 5532 9055 19569 148 6773 16336 8736 5350 16727 18466 2261 15685 6178 2865 12882 19629 3210
15928 13253 9152 4690 2235 17837 654 4824 10792 9261 8199 8901 19814 5483 16003 19743 10705 9933 1906 15447 4721 8813 10075 17297 14658 2321
12771 11004 677 17015 3698 14810 2285 18936 12052 8738 4068 19508 7380 7144 15840 14857 5289 11019 11688 19912 5523 7733 17381 10986 11438 12080
10550 5945 13886 5009 3496 5350 5895 14730 19315 15955 2776 1663 10505 7078 18551 19748 15737 16787 1077 14926 8326 18915 3082 19132 11628 18493
15047 8851 2458 816 19229 12741 15020 4617 4955 1335 8039 10822 11827 6473 17256 13309 16725 6215 3427 4535 15805 9659 17829 10414 1810 6795
13325 4287 8031 452 4717 15337 2272 11424 6112 14890 14306 16631 7335 7763 11273 9561 11814 19131 11600 7966 19330 9390 4824 16279 1323 11349
19112 6287 19608 15140 684 5990 2808 8763 2462 4349 13632 17390 17942 2607 2429 12717 770 13153 15806 16270 976 10689 13515 12659 13153 5230
207 3441 3266 4268 17446 6650 14224 3521 435 15556 9411 6320 4957 14567 4127 7673 3210 1278 7916 4465 8065 13570 3803 2988 9492 3679
18200 2910 11279 18685 10945 13507 10484 7302 12713 8202 6941 13405 1697 2305 6910 5107 1224 939 11588 13573 5287 13589 3425 6095 3180 8838
9174 15787 10364 14859 19074 3959 7780 6804 3968 8520 2068 13751 10663 12247 13112 19972 7859 5435 1203 19744 19796 9103 14716 19137 8254 4758
18308 4796 2006 12976 6025 19750 3121 9415 11631 5696 12600 4916 9725 1007 17630 12611 11616 14494 5064 10676 3006 15628 14378 3370 1743 10531
13279 12664 15625 5202 18579 9073 15454 16143 17616 591 16876 2483 5350 7409 15835 6988 11060 17671 12118 19977 15762 13044 1474 4756 828 16980
7454 18474 18712 19536 554 2158 19359 10714 4412 12996 16499 19705 2228 11127 5583 19192 6063 10055 14306 666 8141 15329 2785 17222 9779 9153
13923 9453 14712 16935 2566 959 7842 14834 14042 4096 10121 8695 7905 216 6300 16209 9550 17499 8253 754 4701 11858 12664 4666 7792 12232
16024 10097 6484 10401 3766 9294 13092 14898 6175 13561 8354 18042 14684 13723 11476 15974 17957 650 145 13493 1931 15103 18329 4249 7209 10301
10389 2080 12165 14780 15804 13322 4494 19948 3823 18499 17187 9082 18269 2417 5381 19464 16050 12807 363 5647 13291 10748 9336 2990 10943 5374
4003 7733 16995 5507 1664 14985 11451 2054 15030 12274 3344 7520 13863 2583 5446 17876 7376 3097 15586 10374 18048 946 14921 11512 9453 1099
475 11257 1779 11801 835 14254 13939 355 3747 168 16343 18632 792 16699 6204 19049 1287 18114 13906 5307 16971 4493 12174 8831 2353 8273
4238 15825 7924 12464 1205 333 955 9730 11858 2055 18538 1275 3845 16361 2666 6113 8975 8472 3419 4306 9661 18176 7059 10343 11945 11724
3987 2997 14872 9553 8504 4584 14188 17515 8004 19776 18966 8743 14149 8849 16231 4704 9646 958 18751 7724 6666 5172 14542 6712 18565 16445
9153 3430 94 6333 9444 1036 6512 18376 12585 5080 5649 14064 18079 6171 6182 10897 14426 18023 7273 13572 13419 3221 2588 8728 7483 10963
2917 13367 5502 11577 1501 14491 16712 18903 10227 12311 6490 5339 9448 17790 15643 12113 14278 2809 1605 5373 3966 5862 9252 11078 415 15948
12494 15598 6579 15938 25 4958 5175 10746 11043 13582 7843 89 14057 6122 4954 837 16238 18258 17226 13870 2658 7201 5915 12040 10167 3902
17843 3595 9909 16400 9684 7749 9930 11145 9534 11272 11252 16679 2891 14060 4974 16268 384 10945 4605 9649 876 7684 17606 1758 6950 13561
10544 14308 12856 18851 11525 19237 3626 8865 964 10334 13978 8935 599 10484 227 13130 14903 18620 6658 8942 8649 16715 13607 14268 13206 12915
16726 13142 5857 7988 4350 9333 1185 11508 13716 7397 10054 19713 15951 6878 15651 2696 3520 9442 8420 492 13228 17134 10377 11588 9403 18040
1547 3243 18246 4201 16917 7308 6017 16584 4786 5429 4401 7700 19838 8487 14207 17620 17399 2742 18117 10761 4586 17215 5848 17077 15281 2111
2688 19230 3563 18545 10644 12577 16386 18485 674 10231 517 4098 3405 917 13402 1868 18867 8438 1426 10463 15404 13659 2200 8340 2712 9174
10415 6318 16684 876 13731 16877 5468 8756 6132 8022 19343 7604 9150 18146 5028 14506 19638 63 18963 15663 2354 9253 14768 9222 6622 88
3941 321 13539 14159 6371 16884 3861 6964 717 19496 4846 1045 15610 11757 1957 11664 459 8421 12368 19186 17143 13508 18393 18233 17056 15451
10642 4197 7090 13249 13946 4231 9329 11668 7966 19378 8563 7246 4638 2697 56 15531 5533 17949 12769 9726 6705 5774 18081 16980 18533 17082
17000 5867 4129 4963 8859 1358 3777 1855 14508 17537 4893 7439 17490 17091 18360 15990 14155 8152 17237 2193 6836 5633 11936 14719 1913 12669
7301 16283 1298 17050 15488 716 12018 6586 5879 12143 3212 5585 13381 3098 15214 12560 3873 17355 3688 13889 17844 10171 515 2859 7780 13604
14567 4074 7653 11796 18996 18952 1786 15169 12743 12079 3363 9296 5637 13824 830 14658 8852 3091 17 15202 10934 17057 14344 6803 19779 3420
5993 17290 12529 5959 3595 13074 3802 16685 2939 16914 17605 15713 18126 7634 15942 13537 1728 276 3181 7373 9379 2108 7087 8213 18546 6964
9367 5070 18595 61 13634 11171 13096 15441 14938 7651 16448 11272 18172 18718 2074 2115 12696 8018 6515 15250 6839 16183 18188 4766 12433 9960
16943 12389 361 16873 1096 7331 17783 15332 1422 7476 12780 18099 18902 15578 12706 11443 19646 19620 14334 3982 12361 18009 9703 12312 16290 10211
5555 18638 13371 16627 853 8069 18742 2665 13474 2229 4224 2833 16105 9911 12415 8652 2339 9201 13591 4973 14608 2243 10137 1029 10357 1259
10637 15554 553 12754 19486 5585 11126 2763 4953 4222 5524 14783 12731 9982 10044 19206 11412 15373 3269 7646 9669 14605 19007 12641 224 8167
9426 15490 6510 1579 11795 17056 1299 3620 13122 7655 17951 1397 19422 8907 17191 11465 1462 18467 12985 4170 3948 8809 16377 19522 7821 1060
7489 16035 6539 2299 19832 9142 8407 1798 2221 8538 3118 252 3976 4636 3748 8579 16764 19074 529 10136 9034 7797 16309 3195 15618 9441
756 13882 11305 16211 11319 17605 108 9622 16951 13283 929 19801 5818 11230 9290 16709 13065 11827 7610 4076 1456 9569 19438 5173 7402 1038
11458 9571 6423 4786 8704 6507 19526 11014 10211 1521 5640 5278 18996 6936 11940 9625 13338 9100 8119 16346 14594 1809 10203 206 14492 13125
3990 7248 12025 9397 7301 17140 1616 15756 4650 8814 15976 1185 7063 1434 2515 13876 13279 7210 3741 1203 12045 9955 5375 8130 19073 9451
11035 3110 3679 14612 243 1622 8777 11148 234 8623 15587 3492 9112 7825 3537 17564 10793 3102 12907 9661 4882 11165 8980 10811 3382 9707
2094 17418 17404 5924 13020 16515 8020 1695 11743 1146 3286 2714 5984 14456 10779 6712 18709 17050 17881 11395 11894 6140 13914 10802 9651 16621
19098 5410 5668 12803 8878 11448 14985 16955 18145 15718 8224 13754 7876 9525 1998 3843 8334 9175 14677 7120 5377 3592 3744 1295 14030 3220
18536 1540 2059 9376 18985 5522 7393 16098 1653 8739 199 18010 15730 17803 6375 16426 10589 5719 8565 557 3678 7321 19504 14106 14239 3821
13065 3086 5546 16987 14676 6829 11331 1096 609 19514 17679 18283 8995 4567 2597 17840 12945 2064 4963 6971 2656 7396 9799 2235 3086 9469
1534 10305 7042 8759 17345 17294 394 7473 11593 12592 5328 17644 8667 6815 16562 19578 9744 19011 12061 1841 12613 8673 2584 1915 4428 9952
10897 18382 19638 17340 6293 12255 2623 11662 12718 19981 2652 6800 3418 3467 11141 4922 3814 157 14997 3911 13746 15333 3331 8778 8233 5872
17233 14559 16373 16904 1168 11488 2391 7551 9212 16021 1150 1161 3667 4505 8994 10616 8959 14975 18056 14242 9687 9860 10351 1940 15564 5723
941 2475 11023 19231 11405 16031 4509 1507 5235 19049 457 2797 6763 17667 6301 18635 15922 9598 7619 13063 7724 18660 16288 531 2601 4349
16425 9095 19700 13408 3100 5162 5713 11944 14368 3141 4892 7548 6076 19197 11162 15150 12385 19517 11140 2477 12652 7515 2499 4056 11901 7842
12884 7209 10296 5953 10872 16759 10343 541 8862 2306 7986 10767 16746 13296 14976 12114 11039 1488 5205 4891 3751 650 2426 13750 10406 19893
6627 4648 12481 11019 10563 15575 19337 19934 9641 8558 13753 18500 19971 13145 19562 7873 3551 14096 13687 13718 2512 11775 13492 10660 14205 14601
4808 6575 12400 4012 7063 5321 19006 2956 6531 586 12845 6442 1535 10447 11067 14751 12288 6518 5227 18907 11967 324 7939 16168 1654 16123
15177 12827 5829 2956 8222 1669 17038 7532 9698 1074 13935 5830 19443 1014 11731 7262 8562 2810 1116 1378 18195 15727 12117 19878 19172 14275
12016 5274 6898 15428 10257 19454 15103 15065 8117 3448 14618 8443 13907 8193 932 19231 8179 13708 3508 19076 17807 11454 3742 9080 1571 18525
17215 13673 9540 14134 6431 14559 9427 4445 5094 18048 9858 9640 10228 4242 12985 17359 18675 3084 9084 3721 8223 5360 18554 4332 5737 1795
19151 1860 5026 11574 2953 3202 10970 7409 4956 7015 13124 19223 4121 8332 8888 11659 18208 9861 12510 10288 9369 16634 15165 9849 8151 322
13980 14364 1338 19601 7362 6265 369 12443 14969 17059 159 681 3885 19984 6618 17494 6324 8189 13892 7301 7911 17483 10918 3258 11431 4106
10710 4703 19083 16337 18371 11527 18739 13313 5256 2630 5766 7833 16411 7520 6306 5644 18932 17852 4635 6215 6275 8799 14665 10741 13697 3598
11602 1552 6904 12900 15305 19096 961 6232 19370 1365 4280 12740 15210 16243 3192 6896 9021 13420 17053 19912 6681 6360 19500 18745 3038 761
1975 16367 8037 2209 8429 15023 7837 1031 11743 5482 16626 6580 14659 11311 15314 14683 14450 19299 13408 6529 19660 11531 10703 13997 7519 10325
3377 6032 7984 16204 15440 10256 18054 4764 11994 2127 15183 15277 6558 3893 11362 3023 2471 1868 4218 4256 17543 17984 6508 6712 6782 3120
8815 10410 7954 16273 18805 12423 16289 15328 13591 3412 11015 15563 9235 7414 17005 3835 6132 3741 13118 16379 6433 13316 15276 4152 8837 5205
15676 12218 5304 2468 8383 2580 16559 6383 15030 15422 4866 5812 19330 2041 9757 11839 12172 14704 19567 18136 9204 5331 13589 1085 19458 12899
9464 4672 10344 9312 13446 15602 6722 12711 3787 10935 14347 1959 2399 2148 11301 17691 19318 6316 18560 15459 19978 16441 7769 217 498 11470
3056 11896 10359 14065 3542 13600 6259 3289 4376 18519 18646 8343 18981 1857 8416 1241 618 3544 16149 7672 9068 17782 10609 16961 8777 3850
13103 289 17480 16390 116 12703 17074 14497 4361 16572 1160 15188 6369 12040 9403 19544 4637 17425 16645 816 18552 7284 11567 17591 2117 13917
2140 19638 8972 18550 1724 11106 8232 419 8645 16246 12607 12261 95 4186 337 1367 17089 16942 8558 9547 12555 12548 18202 19862 18459 3118
8876 250 9725 17358 7754 17822 5069 16322 17895 3006 4858 1797 5344 13961 19176 15192 2284 10625 9185 4015 7996 2490 18940 9258 19311 17377
3527 17302 19126 9797 17981 546 4369 7308 10024 5353 19871 2133 13143 10158 5644 12424 13375 19289 16513 4688 19969 2083 14246 19657 1098 6269
12466 12136 17837 10994 4813 13808 7399 16436 15959 18745 7812 11615 12087 16320 4991 12044 520 5472 8376 16977 14050 17302 11674 12638 13542 6769
11255 10890 931 10614 532 10764 9289 8911 5026 12528 4306 10112 18627 9967 19012 13618 3654 7385 19888 3988 7810 11388 8163 16018 4042 12579
11067 7332 9401 13145 14161 18146 10330 17847 2330 6482 581 1894 14737 18149 17984 8651 15716 8485 7492 15317 8284 2918 12612 19481 13586 12179
19001 13155 4416 9803 12658 124 542 9525 2865 8386 11108 13938 13354 17810 2560 6799 4527 8778 323 1736 468 12428 11933 15943 14700 19620
11874 5108 7048 17242 4449 6783 19300 4016 19353 7862 19348 6063 7340 2719 8193 11430 16658 11073 5969 7849 4583 15154 14235 5618 7403 3623
4032 16741 15947 278 18423 17792 18760 8392 7604 18654 19266 878 8768 17911 4752 17771 6802 791 16542 1499 19325 6399 13198 2145 14053 18497
12021 12799 12652 11689 12011 774 11082 609 12894 6864 16639 18340 6534 8946 9022 5178 11410 14768 15690 10288 15296 14245 17015 16709 18571 3073
11347 3763 10999 14683 15470 19796 2361 6400 17322 3793 13332 4609 16152 18888 533 5714 2710 14923 10884 5530 4221 13513 9476 12395 9964 5566
15011 15312 13782 13450 14087 5717 6600 15673 12066 16836 10760 15469 16014 16555 6235 14240 1565 19011 924 11788 8976 2930 4337 7614 16326 6746
12037 7998 8022 5742 17575 5964 17288 4914 11536 12454 1824 14739 13855 8867 15191 15199 2768 11733 14939 11101 6472 538 1021 8029 11999 10945
17354 132 14539 3751 6747 19160 953 5904 7705 4332 15172 4631 10684 5816 18120 4290 13804 15808 18807 17231 12092 1565 3285 15660 4696 359
5974 668 4535 12741 10898 10236 19761 8567 15239 8730 2532 14964 3725 9329 7520 18392 13616 7399 2743 856 13995 13890 15212 10114 14878 14674
7423 11343 4519 9582 13187 14928 314 7887 17588 19237 11565 6098 6655 10027 3086 11184 18770 14449 11989 2358 19728 5155 5943 18724 15266 8892
19175 18577 7002 6386 5749 16099 10788 16112 14301 17458 5981 9611 6592 5963 1841 16746 13127 10355 7448 456 12511 7139 5373 7655 2480 3829
18150 2738 10429 1550 18958 15062 3125 11233 7017 4232 16006 19545 19178 11752 16463 473 7966 19143 10505 9660 284 14555 11043 7086 10572 4498
8337 9860 9399 5695 9808 4489 11368 9392 13076 3801 930 3216 3267 10236 19959 3327 10606 5674 6209 15205 3741 19006 16342 7179 19138 4396
4700 17815 2986 17207 16814 2395 18062 8164 9592 11670 11723 8219 1144 4485 9510 3312 9084 18451 10225 7420 11838 12664 8539 9811 12487 16883
17898 10613 15978 17137 752 8344 2053 3928 1147 11310 17283 12725 5278 7544 14619 13432 10359 11122 16677 6306 14620 7183 109 11918 3918 18584
19575 9297 17547 1059 9357 14770 4589 6513 6203 13175 18312 12107 15525 13656 1934 15928 2931 2922 15691 9855 14778 10241 11755 19221 14857 2545
17967 10450 887 9969 12952 3446 9086 3760 8311 15735 15511 6857 3278 7736 2477 15504 16507 12803 7527 14058 13641 2567 16459 1835 7926 10886
16012 12211 15873 10800 622 9627 19831 2330 14213 14171 408 18873 11817 11421 1920 6739 14758 5531 4641 11574 19732 19775 9880 796 10786 19083
9676 3572 1122 8072 6972 7117 3793 12196 8074 16663 10470 18629 15558 3555 4910 272 14712 7784 7808 485 7433 647 13008 6734 3989 8172
14056 3999 12801 5426 18335 15664 18092 12971 1630 15222 8820 11686 17792 9123 2384 3921 15786 6731 324 9096 10734 16353 1386 18597 14541 15017
11040 9157 19102 18473 15752 16902 3531 19265 11764 7592 4240 5622 5665 18674 13785 11442 9885 8286 2376 14073 7955 19356 4526 15365 7449 3842
7934 15261 12397 1506 14121 16397 2505 11524 2115 11469 13427 15653 7866 5547 1384 17974 6879 4746 8871 13227 19219 6940 15169 888 6559 13608
10404 13880 13827 11786 692 5693 15936 18133 19603 12212 14634 679 14882 9729 17242 12591 7202 8193 3482 5423 7073 13992 6884 9392 16388 16872
15636 6305 10723 17133 19842 3285 16699 14866 5052 13628 15606 2140 7822 661 4291 13704 17055 4855 7697 1691 12082 4607 1721 1031 5395 2904
12504 13933 13793 8995 14166 13481 7703 2058 11995 11891 19046 10395 13675 7179 19582 7320 1914 19592 13040 2791 15387 18679 19280 6745 6347 10603
17652 1627 4013 10223 15324 17327 15230 7627 13706 17883 292 16332 6488 6137 9481 7471 40 4530 4868 8233 10626 10563 12439 3588 11788 11221
12815 6123 9058 2636 2265 17858 10441 16545 5065 5020 13959 19007 9252 12728 14337 4775 5301 15943 1191 14617 15209 10094 12119 7618 12886 18235
8986 8267 17525 8694 7015 3971 2516 5594 8060 863 8713 18277 15849 18413 2172 6927 14870 17957 2929 12180 18713 12448 15801 9273 1868 305
12116 10090 6119 1716 5051 4847 1800 4026 10007 12779 8813 19875 14023 6893 10497 6403 15930 2703 2723 7617 7953 1797 6956 18776 11467 614
12113 17603 8344 4936 4168 16984 14899 8218 11710 15885 12252 3490 4718 18206 7905 8678 2579 11500 15229 862 18449 3415 7883 2124 8033 1552
9016 7065 15511 18286 6444 1176 9738 9333 3849 6364 12180 19431 13829 13773 1471 7093 7220 9956 120 6517 943 2690 11492 6519 10168 6926
8546 4464 14806 2325 2831 18604 12825 14098 9453 4579 7627 11603 3276 5101 19200 3069 11432 17385 2235 15463 19637 15875 5376 16477 6782 10648
9914 15683 6845 285 4369 6761 15290 18246 4788 8190 3602 14285 14267 12951 8006 12682 18393 8 9591 14499 16761 2802 16121 14371 16668 7281
18224 11665 12150 149 4153 17346 18581 453 6573 4276 3001 11163 3924 5456 6600 870 8227 10465 534 16622 16584 5039 18617 10260 8424 10143
18756 10122 17270 15563 19799 9728 19183 4808 17518 9115 7778 14817 10991 1618 14003 10582 17757 8870 17745 3142 13949 14191 10392 10488 3870 18388
14034 4221 10128 3497 8578 5075 2970 11286 6517 19118 18154 8536 13775 11812 14849 9739 321 786 10180 15167 9257 16711 12728 945 835 15183
1018 17211 4447 14411 6390 4046 17450 5347 79 8200 15978 11451 2932 4840 15593 7718 14237 5247 17942 5055 11257 8016 16008 16372 7768 14728
12702 15946 2462 16905 10135 17033 15080 2326 14063 1865 14663 4394 12139 7986 12512 9574 16172 18845 958 5431 9523 9961 5733 3596 15467 5315
4003 17364 1553 15120 6189 9158 11710 3412 14316 12201 4645 19652 15671 7713 19372 9346 15320 7233 14548 2768 11031 6399 14483 12246 465 1798
14280 6445 5209 7995 7112 3768 10469 12918 8454 9143 4356 6836 9452 7633 8567 9939 1787 6574 9986 2584 11438 13756 17613 4775 1137 17533
13391 12970 16589 7715 2439 1488 19402 13868 18012 4408 19752 16707 2463 403 9656 13944 5537 11241 5290 6024 12597 13356 11353 6444 3238 13504
17 6040 3250 6496 1028 15049 8866 1033 19534 9250 873 7612 18209 8235 17593 11494 2911 7987 842 12621 14824 13965 947 3121 3712 13686
19789 18778 5171 16916 16606 1178 16506 10768 9137 1796 16948 6681 7600 16737 1139 15740 17150 12031 9513 7413 13198 1862 18257 12919 18552 16634
677 1767 3407 8432 3073 6014 11641 8670 4600 13441 6486 19760 8916 17493 4187 12274 18690 11983 16876 9590 1163 14731 6342 10126 9197 14084
5129 10530 6953 17604 7855 3400 18920 12 506 18657 13871 3018 2916 12055 17399 1308 12230 19048 2592 14477 10926 2174 5040 10018 7264 13898
13720 17071 15355 14592 4188 16705 11406 15362 3630 19956 12926 7518 4860 1811 18493 1913 14742 6200 10351 18706 9543 11233 4898 19319 18473 19336
9799 7390 11518 19839 5772 601 13654 6195 15206 6592 1208 9954 10022 2863 12891 12826 14670 12699 10413 18102 16805 5757 3398 6268 5927 2064
18889 2860 7606 17440 9803 10887 11757 12962 18269 4268 6590 15734 12660 12270 7194 7408 2036 6171 11448 1192 4333 14999 1515 9203 19388 15214
1579 18489 13680 8089 10149 11655 17434 10442 9687 9442 6690 19025 8908 5596 13996 8917 18960 15342 7985 13765 17374 17847 8132 2578 13457 1517
15916 13894 807 19010 5483 16653 12612 18095 5632 6240 13851 11404 9442 1253 5647 11033 2870 17245 11188 17042 2795 15757 5629 9794 2179 6694
15329 7051 1040 8167 11295 16171 6608 6690 3085 19137 2076 6738 10017 2397 19661 4755 6807 11820 4598 998 19289 7461 11527 18623 249 16656
9097 533 2370 11812 3748 6537 3071 13012 2264 18131 10725 3710 8719 11776 18293 3971 11731 570 16999 14691 19548 6296 19057 1446 17426 7998
19778 6794 16506 17522 5408 12415 8218 13590 10372 19337 18040 2416 7091 16038 1721 5931 12230 15717 2856 18803 17696 1306 17598 2732 14174 11667
12836 8069 19273 7802 16159 18388 11585 13818 11950 5180 19547 11605 6847 293 8140 7508 9467 18135 11318 3716 5599 10739 10628 2604 19415 11596
10313 17331 3374 2314 14653 19978 3064 14176 2423 7144 10107 19875 11386 10525 14819 8062 7895 11736 9217 2005 6269 10250 3000 14100 9943 3701
1210 196 11078 509 11019 7086 11192 272 3721 4987 18883 7737 4028 15400 15296 14941 17994 18047 18309 19751 7796 12271 11124 6240 8280 1103
6440 6872 12462 19409 2322 1661 13570 2434 5730 16240 1226 10358 1395 4223 8741 2402 18237 19436 434 19868 18766 16472 19933 5594 1091 17201
13938 12775 16743 558 2119 7268 12686 10516 18032 3920 12923 12017 18372 189 9979 14626 6549 11805 14619 8192 8903 9490 15635 4912 1882 1157
13300 5485 17709 17193 7417 7950 10439 9322 7976 17850 14292 6704 4972 2858 2200 16862 10632 13930 18670 3923 14407 17687 19733 17312 3708 11982
17127 10998 5615 17771 7587 7233 1933 10917 5328 13296 4847 796 18774 4090 14381 7021 4527 1905 10134 14850 10923 15003 16741 3845 3306 5024
3574 909 71 16229 6685 4798 196 16919 2407 11084 16524 18453 10715 18550 15122 4213 17409 1095 15357 16591 10966 16716 8494 2118 1666 11090
8016 4878 17009 11290 11285 16579 15769 4303 15843 3343 284 16075 13936 14492 2630 3301 10904 12836 17361 10926 7171 474 12668 13661 18070 19579
2810 9820 8135 2658 14566 7475 3314 2872 208 15461 15640 11760 9932 6657 4146 4613 6136 17679 2121 18541 9733 1727 10794 1581 5607 1912
3249 7236 13605 651 9276 19608 16516 3642 15243 17398 9579 4494 13881 17212 3837 19275 8488 987 6321 16072 12124 8458 10953 8842 11960 9396
3078 19239 9599 18591 16884 16159 13366 18311 5062 2029 19466 16685 4091 12053 6817 14209 15136 16045 14815 15832 12082 13543 4764 14278 9583 4868
1894 12270 3778 14744 11847 9349 2662 10758 9992 10989 9959 16753 2783 12856 9928 4559 1282 5034 12584 15160 6077 16132 967 7447 4964 8737
18130 2006 4752 6556 4938 13022 2533 3584 1297 18683 3595 4314 1735 6763 16682 15094 3250 474 10266 629 566 5703 1338 12486 4071 15284
6452 13513 12002 8290 1959 2889 2704 6948 5215 7920 7911 10638 12920 10911 5231 16908 11194 4018 14577 5028 3914 18470 6438 3576 8811 16124
13721 13020 10155 7796 16031 1360 13233 258 13070 10490 10343 13141 17855 10422 15520 12894 19606 4759 8220 12243 5738 7675 9313 3884 19419 18314
15735 13651 4655 2739 14099 9070 2831 16202 10653 6784 12677 14527 16739 9752 2162 847 18332 3750 9874 725 12590 17872 12930 18139 16453 16230
19150 743 148 7823 6741 3828 11334 3994 12529 1787 2264 7473 3901 15437 17545 15482 7879 7165 2041 4509 2815 18859 11930 7104 12167 12158
6419 3462 12729 18645 5106 9429 19896 10864 17788 2204 8501 14624 3026 17774 19578 2801 3326 7728 13436 8356 2204 6937 9707 14192 7979 13866
3618 14658 351 168 18720 11011 16128 14780 8101 10953 12998 8238 5892 16165 147 9223 7100 13129 77 17702 15686 16246 1340 6332 8133 11108
17916 9330 14164 19280 19504 6101 19527 12412 11287 5334 1827 19324 7319 9908 6087 8802 3405 79 5040 8677 10897 16864 12848 11847 14127 9647
6875 347 16441 3476 15547 17964 1126 2654 1196 10715 3390 6872 7531 875 19943 12708 19449 5094 4694 4539 7059 17406 13062 12609 2207 18867
11036 10123 9918 16107 18681 3242 222 15151 11466 6116 3436 8960 19897 18130 16377 16759 18884 1198 11479 19519 15721 16277 7926 15201 5936 19244
4014 9912 16860 6448 14519 3168 16797 12027 546 9248 6561 14835 4542 3191 18805 2910 2549 14979 17317 8869 10464 6521 3729 7390 9570 14933
16083 11147 18570 17150 260 3994 5736 3687 8207 11518 4562 6632 1503 15237 15264 16391 6051 15691 10900 17021 7656 12515 1112 14229 9434 1425
1903 1415 12679 2944 2506 10902 16881 14789 1395 2448 10682 6213 19278 13666 14793 697 7504 9423 12780 9725 10885 8963 7342 13343 19826 13778
5303 3106 4863 19626 3122 3731 3821 2589 2046 18524 7371 9452 3888 3729 18272 8138 15241 1742 11569 10556 6202 10456 15118 1234 5252 18421
17478 16680 2908 18047 5934 6785 1933 19048 18239 3694 3805 13239 10640 3282 8669 14020 13500 8404 12903 18809 13585 8906 3211 498 11028 11317
14324 15564 6539 15377 6057 10047 3830 18118 7260 16577 15332 9273 18446 11424 14721 14676 1967 8290 2649 14039 4636 2999 15711 7948 9275 19616
11317 10777 7801 10433 9086 2356 3098 16398 9144 8476 8327 7854 10242 4947 2575 2155 1409 3386 4624 6415 10983 6405 15189 6676 10578 10332
6351 188 7883 12538 10456 19563 5117 6317 5684 11258 12365 3704 14039 10495 4345 14383 1096 9927 12707 1644 548 2463 14588 3792 7218 15761
5427 1875 19119 11921 14970 5836 4118 9612 356 12190 8205 3027 18413 11870 13013 5573 12908 12648 19496 5582 6307 3572 3352 6285 10162 16641
959 506 18277 4368 10042 15525 17421 19087 9069 18322 5286 9460 2977 4708 11978 4442 19375 19341 15559 3746 15655 5060 2999 14033 4381 12086
12675 1760 10482 11662 8697 759 7718 3383 19887 219 19223 366 1331 1652 7185 15237 7325 13436 87 2475 13980 2101 19563 15531 16753 11453
11935 16611 11919 13182 18878 938 8809 1662 6302 9012 8011 18716 8096 18742 3213 16718 17261 3898 6630 14483 623 14888 4677 9390 6612 14855
7509 2754 9623 2903 12999 3501 13517 9368 14677 7300 4770 6890 1402 4527 3333 2680 7396 17164 7278 7644 14797 552 17374 4309 13611 4509
4686 243 16490 18063 9353 15927 13719 4956 16705 17163 3777 12496 8229 16117 5658 17581 11450 18127 7384 5688 3491 1622 10408 18902 5416 2576
4369 18293 8320 11639 4746 13474 18193 19914 14909 11596 13005 1524 14694 3667 19499 19129 17880 16720 7585 5028 5733 7454 13822 16331 19093 1260
9992 1074 5990 19632 16462 3953 18049 13893 4571 4241 16808 5769 3384 11003 6754 15259 2419 1595 18260 4840 12649 11274 15826 257 18091 178
1219 1032 7841 14345 16118 10475 1025 4353 629 1282 12568 6650 9119 2629 15986 614 19974 13669 10126 18914 13774 18561 18662 16140 13347 11720
1652 5136 17504 16112 19409 3082 16748 11846 3045 2842 1585 16909 7415 1698 3996 8790 5716 19625 718 17274 17996 19798 13062 10997 13270 17568
7880 12097 14763 16172 11435 3065 18153 19000 2023 12019 5821 16427 16157 16043 17911 18099 3459 19132 17233 18033 7689 14859 9758 9600 8207 7185
15779 12829 16858 6175 12739 19626 2714 17658 9609 11323 11063 6992 19945 9722 19902 15664 3728 3448 8016 18007 19637 2583 544 15780 17883 12889
4294 6572 12953 6663 4223 14979 8296 16677 17860 13923 17294 15606 13249 19147 19737 1028 17375 3823 15336 9616 3100 4761 18928 14845 6375 8430
5599 583 913 19790 7607 10775 557 581 9500 8430 1733 15000 8341 2968 3902 8025 8529 15356 5458 3157 2931 7794 11309 19786 1260 4775
14001 11162 6848 12214 10374 13734 5174 489 12182 7441 17903 11526 19758 6925 17087 9528 8474 19112 4758 11527 10164 2402 18390 18566 814 4025
9580 1958 9372 10248 13600 13459 961 18832 57 6576 823 5096 2437 17181 8185 11742 5440 176 7563 17849 14026 13769 3343 5038 6386 15163
10940 4138 18638 18761 7076 7523 14146 7467 5474 1073 18612 1055 16423 16259 12969 5972 7233 9966 5273 7981 6908 3377 16321 8765 8994 18284
15156 7143 12036 11613 13760 13833 3049 16157 713 16948 5567 5649 18878 726 4378 5963 17583 13824 4934 7246 13055 7790 10820 17 4320 13619
16742 12619 8708 14306 14864 18042 12334 18820 7947 8743 15993 1582 17913 19701 8918 8662 11098 12141 15855 2630 11157 16470 17518 7473 126 18564
7270 15568 6639 16805 14228 5500 3395 1813 9250 1468 14452 19146 3264 268 11000 796 19442 16935 12798 9600 9846 340 19679 3727 8711 16871
12110 3965 15664 6798 3326 8683 13643 1781 10442 13944 15583 2207 958 2156 12629 19517 8418 7985 16242 19172 2019 2697 2058 7929 17729 15007
17898 8960 19655 11611 104 4760 17297 7039 312 14684 5879 8286 19854 18949 12289 2700 9751 19046 16432 763 18563 2823 17917 14786 5682 13505
17242 10315 6005 19205 7257 9828 1459 15710 7782 10677 2061 2861 7342 11455 7574 19377 2483 18532 13922 5761 10809 15922 17057 10075 5455 939
5245 18825 9965 16410 15736 5894 3373 15560 4121 17451 10093 12858 11935 5672 4228 5293 19713 9542 5654 12659 16133 16686 8752 5595 12224 19496
16623 12099 18536 35 17394 16809 12653 15 18714 10010 5856 3816 17087 341 2421 5324 4546 4160 6773 2027 8238 10019 7246 17650 1143 10966
4140 13382 14060 9300 12503 16005 450 13617 2897 759 5314 5125 8677 12331 6606 15478 15139 38 1071 11236 5127 14274 7282 653 10396 6873
11262 14426 4370 2416 4058 16980 4590 9520 6498 5549 19172 14774 1407 12079 962 15529 5377 7853 17131 14857 6558 18991 7308 16090 19713 18542
123 14450 12222 18469 13477 19715 2266 19103 6945 2203 1932 10252 10996 8766 1527 11767 10486 13460 7380 11365 2877 11135 4709 2867 16088 6035
18863 15774 11483 956 4568 6707 3620 3784 17907 17495 9310 15576 1152 11734 4044 1440 9285 18133 15768 12831 2396 17686 11994 11666 14522 1366
16335 9653 13513 14356 15010 9687 2 1696 7010 19013 14338 3072 5434 6165 4758 2626 11206 6736 1536 1423 8600 11487 4508 2882 19419 12193
4148 8450 11674 1208 16628 10944 8906 19352 3685 2971 865 19249 9735 3049 17940 10317 13572 2618 12407 3375 4472 18453 10868 14589 3212 3578
12280 9287 12529 15335 13917 4260 3575 9485 16459 6956 6244 17502 19383 11633 17695 13155 5497 14898 10338 14524 14055 8859 6126 2294 1574 7658
