365
63 36 13 9 22 95 65 24 66 88 16 32 30 6 43 1 38 13 35 97 15 96 84 64 80 47
10645 16290 12324 1776 11275 19884 14795 16391 5954 155 6802 14829 2327 11180 7154 19157 11278 3931 1244 4905 16774 8890 1145 5168 16586 7695
6460 19471 16788 13607 5087 5967 9841 535 18947 7795 8518 631 7741 6231 9519 19219 15238 2292 3757 8602 4620 18313 4854 18904 19976 17237
15042 2810 3524 2509 10312 14734 18857 4337 755 17159 2455 3262 4658 14356 18765 16417 16675 11579 5242 4935 6032 8558 2111 14329 18682 4990
19180 13792 9095 821 18450 6462 12895 18732 3209 9384 16312 12559 15281 9646 10036 2413 13909 637 18392 3944 5501 18090 7448 13016 6030 18787
16646 4546 9360 17183 16239 15049 9066 19993 12820 6874 10582 13367 12242 15890 2201 2738 797 11801 18725 9332 14524 11976 7297 8485 11917 12259
8608 9651 6227 12701 19933 1993 7989 7258 4479 251 6188 15988 16566 11082 14597 8755 6207 13741 10126 10255 6746 17362 7977 15777 7054 7686
4708 13635 14900 11177 523 8261 12872 10988 2756 19094 5001 18126 2092 2813 13134 14562 3528 5288 18200 2520 17876 13299 2842 15494 8686 15817
3327 4118 5469 1312 15213 17127 858 11974 7845 9165 1364 10989 4794 13567 7916 14861 13319 18105 12680 14625 15606 15884 14388 19026 2009 17652
955 14326 6641 2717 3952 9140 15235 7686 10207 13426 15386 6255 4375 16228 13683 19306 7930 15185 7342 5841 10240 2837 2527 13580 5402 4192
9017 11694 12259 11145 12163 7750 6159 17073 3043 153 5415 1981 3814 13655 17252 10279 8986 1957 15723 11910 13443 5524 18676 7195 17164 9579
6543 16240 1225 16708 3292 16398 1215 16055 9809 1883 1458 3602 12279 7958 15448 13354 18837 4107 17760 8202 10683 1983 10988 1562 15989 14905
17353 5110 6994 70 2820 9850 4985 18456 10518 7438 12768 15559 13462 5153 5122 1474 6171 17030 11828 18431 10811 12903 13632 404 1378 18743
19794 4382 781 9649 845 11184 5167 9636 14104 10347 4377 7008 4016 16857 15014 18006 5230 13105 390 17547 13709 8280 5876 1286 7483 16090
6795 2604 917 6595 939 4751 553 14832 16107 15059 4421 10828 9994 15788 13210 2818 14865 5273 15367 14668 2166 1091 6119 16210 4682 542
9620 16469 16849 8265 6236 8535 13545 13840 1287 11283 11845 15485 3756 17114 11185 4083 19046 6712 13819 5020 5556 18524 3308 5005 19239 3427
3973 3073 5038 19079 10803 9687 5809 9658 18555 10019 6938 17977 6311 4664 13049 10755 2870 7173 11110 4641 11130 19832 12811 1856 8400 2256
11880 14055 16376 18850 12673 10542 5998 7936 2213 11316 19646 9507 18756 19401 16455 18118 13863 15780 16434 15111 1380 1910 3278 17423 3683 17833
17344 3816 19652 13579 7105 8310 3563 8520 16236 15140 9898 19224 3222 9278 5213 6030 1572 15605 1698 1638 10969 12847 16058 10951 3364 18207
3367 11052 18210 16983 1033 9003 3808 5327 18079 13357 7938 2078 3521 4179 14432 8605 15660 15116 4426 1295 4 8130 12167 15869 18000 10627
11674 15734 5956 9325 8597 4584 6321 5532 9079 15155 7512 16785 12666 17181 2404 12652 14799 9684 3023 3230 3899 447 13334 9694 7685 1793
3377 17043 16092 19325 17601 1683 17628 1683 11221 4792 7930 18164 12122 14521 19261 14376 7223 3484 15785 15813 14020 2675 10760 13751 16600 1175
7744 6563 433 18620 19827 14276 10788 17711 14038 17077 6456 7691 5815 18927 19142 1451 19630 8827 10623 2643 17840 14598 5242 16852 3707 17635
18677 9337 16730 2103 5592 6331 11256 15989 14996 13985 1819 961 5038 6769 605 6314 15286 12841 4022 6315 4225 12448 8754 14438 14296 14355
4801 12222 2217 7053 6853 7413 11604 1237 15562 1108 9647 9142 8499 18331 11900 2565 16013 6263 11066 14346 5018 10579 2584 18201 9160 9516
5266 16717 3840 5366 6617 14374 12193 13587 19180 3605 14765 15021 15287 8734 18984 1319 12599 12799 9951 17633 9430 8914 18583 8625 8740 12286
14510 12522 7216 6917 9103 1089 18518 13124 4313 12962 3659 8715 9109 12487 10400 16136 6551 5418 52 14625 15489 18491 5183 5297 6697 13021
17422 16280 7288 15448 6284 1369 18944 6929 7902 13062 16976 690 2057 805 5328 9741 19815 19964 4133 8312 11049 16344 6167 17596 6538 10782
3146 13252 2915 14588 2941 11299 2434 16269 15751 3459 2817 16398 4416 5500 15623 2433 2646 2061 5954 2491 10 6510 4619 1931 17601 12207
2700 11386 12858 12997 18465 10763 14676 18136 9343 976 8793 13520 5746 17999 2194 15494 18795 5634 4940 6817 18606 6189 15609 16644 10047 13292
6913 13767 9017 18230 14146 15407 16458 11671 14327 8103 247 11966 2128 2274 12177 5487 15454 7924 19117 18888 5827 5539 3837 11346 14400 14444
19265 18715 447 14310 7767 13378 15691 17950 12970 5389 12716 15554 3665 7932 1315 2202 2082 1471 15352 14661 17092 1466 7249 9560 15026 3043
13450 9489 11762 18220 8282 3920 13886 6838 14879 16354 8813 4532 17186 11617 4715 18535 11362 6770 12789 14225 18015 9367 7983 16426 13105 13918
457 17008 19277 17949 998 1871 18712 11082 19558 1457 12317 557 19405 18257 1423 19002 19498 16850 4994 17272 3083 17688 9390 11538 1718 17279
3868 12300 17924 5614 2323 19813 16494 2232 17111 15363 14715 11033 6759 17606 1614 19608 14650 7442 8685 703 4934 3953 15466 2721 17581 12807
15403 9497 5187 3683 7909 70 6683 11941 15765 1644 18582 1404 11944 17698 5608 7200 13786 1043 10808 14213 9009 15707 4499 15153 1388 4706
7691 14668 7155 10163 3126 846 1401 1807 9106 12268 13232 9422 6065 14531 13785 10648 11773 9791 5050 1273 12560 17699 5639 15257 12381 9962
18362 16270 2838 15946 19780 1899 1719 19851 4088 19835 18489 8427 13656 5938 209 13354 4950 4763 9723 18352 14233 16018 5217 6103 15794 11857
13956 6301 7394 12333 6409 2336 12522 12954 5092 13657 13350 7705 3527 17155 3377 13923 6657 5626 15326 15762 584 9611 10801 6236 12419 9713
4971 12999 1770 18404 17418 4052 12875 17312 15678 19981 15667 18881 6500 9876 446 626 6894 5771 719 14079 13956 19961 15860 7017 14155 16330
7184 16751 9915 19335 14173 17589 7798 13976 4405 698 6429 8208 12378 231 9451 1188 5765 979 18426 5743 13612 17884 12316 17086 8601 7605
19653 1387 3448 4299 5503 3545 8928 17427 11332 13873 15288 12803 7776 15055 6273 11420 8505 9947 6029 2460 12543 15121 5843 12903 5809 15864
9897 8428 6150 6897 10286 19661 8321 1375 11282 16364 10020 9099 10228 15716 18585 2553 19499 13998 15418 5921 3325 16170 8309 18009 19918 4584
16820 18350 18060 6247 5796 822 16492 13190 7833 9324 17629 4408 10873 8562 13619 398 17169 2378 6773 17462 18161 10706 3145 1528 11215 11571
13356 16804 5104 6612 8066 7688 19214 754 9049 4828 4319 15466 3917 14606 17756 1446 18360 9025 18665 3188 10939 13742 16877 18825 1773 18524
7292 1254 7595 12087 16768 3545 17122 7821 18429 2458 7129 7203 17979 14440 8994 19085 3078 2959 6387 17680 9445 12200 15351 15134 4814 6491
14023 1612 8262 11291 8914 1729 16122 7512 13088 11885 12951 12063 15345 5355 6814 795 3087 19466 4980 10673 2675 18569 10370 13040 18175 16057
414 10548 8696 7228 9206 715 10818 2456 18941 19218 19681 7164 233 5766 1368 3594 15137 17751 14321 12498 7664 13875 3411 10357 3062 13611
17474 11196 16549 3668 7021 19684 19107 2839 10716 18024 11510 12190 16423 17376 6532 2433 19056 12461 15977 11240 225 14307 14083 1246 18118 8625
14738 11545 5564 14878 14435 11003 12806 2315 1533 9976 4579 12148 5038 4595 4042 11611 15234 4161 6684 5913 19363 11475 18668 10761 2281 19913
198 11020 10873 3581 16805 772 13056 3638 1278 7511 7574 427 18903 507 17777 19518 6950 8627 237 17675 5454 13478 12496 18426 19342 15161
71 3637 16047 14867 18606 1252 19551 446 10434 13113 5692 15766 6532 7566 3307 53 19761 16016 5539 7049 11808 2840 9247 14740 3850 10632
14688 18489 19889 13495 2100 18500 16496 3740 10073 9276 322 15197 6383 6444 8122 4820 9329 15935 2491 3430 11064 12729 6302 3818 16435 11591
2987 16187 15417 6270 12785 2011 3863 4054 9267 4704 10663 1043 1284 9731 14066 18456 15904 10045 4244 11152 6308 17988 4464 349 4255 9866
10021 7508 12498 15177 979 6702 8770 14681 9189 17355 14385 19837 12278 1090 751 2430 16913 14648 6517 15513 13277 5720 7675 18407 9365 16909
12588 13332 2523 18009 13167 17573 17832 13835 12058 5485 11146 4453 8802 1738 16005 1863 4085 3031 5339 18811 10851 11039 18620 1781 4575 12070
6246 14119 10091 1984 651 7857 3882 18399 7031 4430 7856 5136 12189 7490 3361 5666 6611 2769 8554 7186 4295 6676 5255 9304 16769 11339
19265 10809 15917 11273 5146 1508 9811 11124 459 3223 2128 2641 19344 7687 963 14747 8312 484 7448 14428 15229 10806 5639 3439 10351 7777
3918 15889 5940 3142 2219 11934 5461 9882 11723 570 8458 172 15284 16777 3199 2596 6678 11379 9904 8353 2985 11495 15082 16068 4542 6148
5287 3203 14111 13263 7316 9454 7634 19937 19230 7567 4255 7163 17370 16276 13937 4868 10142 2467 8270 197 3232 12393 2151 14054 16484 4071
748 18157 4730 4276 11370 8471 18333 15740 6959 18871 2674 17777 11856 12585 14806 4498 12831 12576 7410 7511 8197 6444 1409 17519 9852 16178
1538 10541 8821 2875 7335 18736 10335 7882 2047 12042 14123 12991 835 14118 17222 12979 15310 13387 11605 1986 5042 1079 4713 16128 8355 12471
17070 1936 18483 895 2192 17364 18149 17063 17936 2106 17402 7923 19385 626 1496 13768 8135 10109 9386 19423 18481 13554 12992 18292 12516 16654
917 1570 4742 7992 16682 1882 420 5083 6311 12777 5638 18218 17618 11752 6157 5194 7811 16354 18540 5227 9015 8309 5445 18725 19365 9453
18098 12946 494 11186 394 11325 15648 702 11750 7957 586 12236 1912 7816 19390 5475 10898 895 8593 18388 17586 6411 16974 7306 539 12513
3459 6145 13575 15697 17454 599 17813 5529 17364 19317 12727 18512 2916 3158 12301 9053 18644 13474 3636 13802 8585 923 5125 5016 17971 1115
10799 14610 9256 5125 6577 5411 7259 11863 8223 11139 12904 18815 12347 14920 14870 5128 10409 13836 13127 12329 11991 13029 1773 1312 7494 7681
5684 3223 8204 9556 13041 9056 7044 15537 8897 11720 13185 5407 5813 6035 311 12431 17440 3697 768 16327 9268 1751 7916 15172 7406 17019
10273 17988 10821 4405 17431 18391 14310 14945 14163 2601 3071 3545 8704 6262 19925 9512 15741 1693 7246 15160 8365 16632 17802 1909 13858 12831
11372 16570 6390 14225 8056 4447 472 10360 4919 10785 12841 18809 14511 5288 5030 10627 19281 16483 14672 5940 6226 13222 3593 15806 1397 871
15550 10917 4498 2040 15172 16394 13222 14841 10799 16643 18694 19897 15330 19279 3357 12713 17032 14110 5562 10341 14982 4089 11199 5997 17479 2643
18622 5797 4686 19709 5928 7976 15279 10306 14984 19974 8800 8201 5296 16037 8636 11938 10373 11881 10954 19909 12934 2797 7580 13246 15632 2454
12382 7534 13858 4541 286 19028 4633 5928 14317 16927 16084 14232 7139 8608 14213 9305 8988 6166 9890 17878 19564 13725 4783 8318 3353 8700
1454 9946 2855 4295 1056 10700 8574 3813 2890 17389 9330 7175 3643 11148 14798 8962 13128 12149 16250 3608 17713 9551 11828 2818 5649 4045
8157 8750 5186 17198 11558 11285 15973 15378 3257 2390 8030 17577 3459 1522 6842 2654 2973 15901 1114 11823 3946 8999 18535 15418 530 10791
17401 6079 12570 8840 8120 16833 16118 6388 1131 7522 1671 18303 407 1597 18053 18822 15277 13639 17409 16367 12014 14069 8577 7061 2599 11386
19493 18997 2480 5123 13337 12022 400 2531 11362 707 13348 16258 3569 3760 13345 16896 19039 18677 11786 13995 8689 9933 1568 17209 5629 10253
19974 13999 5237 18479 19377 1270 2266 4759 18780 8366 13097 11703 8960 7660 4029 18669 11069 553 19954 4911 6888 17382 18506 15871 19704 8600
1334 805 772 15330 7875 10070 4646 1415 2561 7712 2476 8061 11232 8600 893 2672 19074 4988 1927 535 14987 657 11948 15308 9381 5442
1493 17468 9764 4939 13275 17570 9106 10092 15954 19223 4544 17421 5941 19136 16323 2096 3493 18324 19310 7048 6328 11432 5809 8621 17022 255
9549 9739 4696 5422 11851 13663 19136 3911 1121 12607 1692 6665 13116 17117 12905 12349 10127 17796 2244 17557 17981 3452 3705 7813 9223 6497
3814 16302 891 12673 2322 8713 193 8545 18244 9681 17664 2324 10719 12024 14687 7759 1162 13382 2576 13948 15793 20 10901 14767 12062 10454
3177 5372 606 13350 12169 5732 14272 10336 1676 1438 3952 13059 2315 2326 4316 9605 9084 16675 8499 7109 4201 12188 8412 8834 16122 6730
938 15266 7160 11818 7467 7042 14006 19161 5494 318 8757 2410 4025 2616 12530 13305 7910 5360 1358 9318 14396 806 19103 7444 18674 14077
8385 18721 15385 4514 18930 15776 17683 495 13851 10430 11481 19935 14009 18141 159 4746 12917 12289 19492 4004 10471 16781 17138 17920 19973 12833
14624 3397 636 562 585 13236 3657 16594 14901 16179 8224 5023 16123 7099 12616 15880 16409 3371 17619 19841 8141 12550 18857 509 7261 13393
5102 406 963 4380 571 4385 6961 7894 6138 5355 7323 3098 19479 5460 1114 7073 11742 17544 14933 12580 18386 2706 14597 12473 520 15647
9315 18608 16713 3888 1064 7690 4030 4297 4457 9517 4802 4731 7235 14707 25 10121 16426 19400 1482 15962 15690 2492 13205 214 19966 2440
11256 899 18827 12329 11736 7458 6126 2261 11343 8461 9561 6402 2798 1740 11797 19693 18784 7727 2730 19647 1155 1081 666 19954 17090 17806
19696 8121 5952 8078 18356 4121 18676 9189 14184 6127 7036 3995 10055 18395 9361 6809 9092 8982 3047 3850 893 16990 15732 16763 2392 8355
18696 10983 13039 7109 8195 11363 18175 5854 598 19789 12021 4046 7838 13453 10542 2261 13727 2174 3365 6958 9345 10759 19528 16246 9898 6093
19720 3683 18713 9305 19517 16535 13769 6823 8408 5791 562 6444 17561 242 4459 12857 18182 4198 6631 9559 15033 10926 14863 4513 4695 3656
12513 7449 1197 11194 16554 5748 11283 8377 13010 12698 7917 19484 15905 9479 2831 7435 2208 3701 19129 6678 1970 17891 17501 13959 10608 5485
15769 17112 4854 10710 16213 16715 11878 14208 14006 1113 1418 17472 16177 19209 10991 17110 10611 3502 9550 11997 910 12997 19760 18495 17814 7293
6956 2433 2195 1448 14000 11881 11007 5674 17803 4246 18300 2157 11419 8973 8281 196 19640 4744 13666 10676 8304 3874 681 3260 7343 1342
12281 14887 4442 9748 3862 19244 3366 14398 1633 5312 3315 12041 5876 15774 9389 4452 16440 1776 3577 5597 7476 9234 16172 16113 11105 14293
19233 2965 13785 13957 17758 12474 4678 11057 10702 11066 6487 2760 13606 19370 19957 15061 4634 12858 2949 11460 16895 14470 2269 12607 13337 833
14891 8197 5346 3671 10793 15632 3629 10785 17075 15394 6 14419 548 13441 10832 15698 9009 8336 8279 13339 7928 14631 16988 3317 15227 1176
17253 9008 16609 18160 7037 18817 13853 7003 17339 12705 11407 1604 9977 12130 15985 1024 7612 5680 9610 16725 12506 7366 6851 988 170 16514
7991 8368 804 6125 122 4551 1233 18832 14760 7359 14885 9916 4110 14402 13669 15240 6895 18255 18315 988 12699 3139 13766 7128 1081 14358
2617 10972 9324 17486 5161 12735 50 12622 7456 546 18533 13311 3393 8820 18936 3272 16557 15692 7176 2494 13027 6439 5994 3577 8101 8043
19192 11094 6103 10669 12571 19876 16588 14665 1362 8198 9139 412 14130 96 10784 19066 2134 8797 10487 17135 15136 5346 6365 8061 10254 14364
10615 4498 9592 17768 1788 12515 16598 19215 3819 12802 5180 8303 7218 19884 17568 6036 17114 5787 2461 11123 909 2385 4483 721 5135 11741
8154 5926 10444 1667 14933 1675 16281 19065 95 3951 6111 13250 7785 4152 4174 15388 8062 17141 3098 4499 14507 13009 14787 14797 8250 16576
3453 11417 4764 17839 14692 15725 8920 11601 13130 16632 4109 16082 4206 12279 13783 1366 7595 9108 5816 2510 12313 9456 263 1914 7162 17436
808 4162 10576 460 11234 12663 3182 12805 5473 1178 14050 674 5962 11660 14158 18209 5266 11213 7846 10744 7784 11361 19056 4901 11884 11664
9375 14687 16764 17719 4848 16260 14499 10154 18058 15645 3765 19664 1454 2509 7795 13363 5651 11806 9778 15779 14043 2899 16543 2892 13799 13121
5619 12814 11804 5445 8960 6675 11331 3293 4345 3835 9119 9757 3623 15962 19482 19226 13222 3211 8669 4780 2365 2702 1250 6836 5608 3038
17468 13592 13695 18529 4461 1024 14744 16808 17239 9860 5226 19739 19678 1820 13571 5971 17841 2311 14682 3584 12163 15808 9377 2350 10602 14939
7238 13763 12661 1543 17452 8733 1496 1902 2812 13605 15112 14863 17058 11420 7597 5512 15364 6601 5498 19863 12209 1458 5373 13287 712 1343
6653 19847 9795 16518 17033 3664 1571 15947 2358 19752 17989 8554 4552 8579 8185 16307 11717 13983 10630 6970 11740 1442 14627 15220 3494 19969
15660 7597 7197 9700 5996 2850 4073 10270 9374 7406 6133 7566 9224 787 2141 3225 5662 19346 4451 8833 5296 17974 7204 19026 5247 14828
15785 12230 5911 5380 17804 14892 17152 6661 12512 11053 16752 9413 7276 5631 3216 3194 5532 11840 7572 12283 6758 11282 16188 8654 4773 11458
13789 1057 13516 2774 7680 8413 15406 16991 14931 1219 14433 7884 8090 12108 16580 13323 6251 15666 8447 13807 5949 9760 4276 18827 162 12226
19613 19328 17180 13079 1888 1002 1168 13087 5332 8278 7214 7231 18171 16120 17504 1059 14269 11467 19500 7401 6842 10831 2614 3672 2851 5830
11857 13678 3256 18053 19544 12147 15563 18786 12985 11993 18764 9454 11104 5002 54 2752 9816 13433 13982 18873 5450 4647 4531 8989 7298 9033
1429 18862 16857 17649 19911 4290 19373 9636 18343 14899 8781 2717 1585 12393 7762 12701 7046 664 2197 12857 16781 13473 12303 6440 6200 19729
388 6042 18040 273 11682 13057 11776 8223 11603 12303 5120 8322 14102 698 9757 6963 8663 16897 1841 2571 7231 18469 4382 18694 11739 19515
10391 1696 2145 6043 17769 19286 9805 16287 9534 8786 19937 9505 16025 15448 14527 819 1301 13770 11618 13008 11909 7807 11226 15848 15883 14854
15302 18951 3532 16153 1966 16303 3504 5370 3109 5659 15696 3326 4386 10238 9864 15421 12428 12128 6763 6504 14285 825 10179 8782 17338 8543
13759 17172 14083 5178 12929 1452 2418 3213 9112 18182 9534 14194 17541 7133 5886 6087 13137 2388 4264 16482 14294 1887 445 9291 15478 15998
15360 2400 6600 5973 18360 11629 4844 6416 17092 9587 19457 12843 19946 18104 4331 13648 11651 8040 4720 17172 995 17212 6681 17582 11535 18324
19871 11771 16711 13856 19734 787 6713 17406 15518 1572 19019 6551 4105 12004 18938 79 18184 4125 11257 8266 801 19882 3577 8316 4781 3918
11720 8569 1321 12503 19248 8133 16961 19662 18567 19963 2008 4818 1785 3786 18819 10905 11424 825 9181 19812 19520 9712 14785 2172 16756 7695
13535 16483 5545 1486 9988 4637 15058 87 12534 12669 12787 4262 7823 214 6202 12680 7818 2516 12311 10711 2581 9487 3420 9783 12908 16433
1898 15286 7746 13 19610 11043 9693 13760 5579 11773 15559 7783 3766 10088 13291 3108 11316 1643 4289 18166 11748 14101 16188 14962 14326 15084
2070 10857 13306 2549 13339 267 7875 7133 8208 18706 14054 3369 10082 3201 8190 9920 4058 18182 19214 959 18182 14018 12571 9775 4219 2792
11398 12803 4489 10951 13324 17181 2100 2296 18129 2349 6765 5143 12385 2577 445 18373 2978 18571 17735 13614 7664 10408 74 7792 12851 13632
12744 11746 5644 11223 7557 18745 767 7330 15914 2698 10817 14379 7093 12399 5103 4267 1171 3624 16618 7898 2651 18950 19373 17276 8250 802
13295 7969 166 14569 17219 1729 4890 16221 7840 4202 17674 11738 14798 18900 11015 6482 18956 17913 5038 3391 6967 6771 12183 2038 1662 7216
3847 2049 11915 6744 4770 14416 13677 11781 17701 9071 17590 16233 2759 14007 19054 1652 604 8214 1948 17603 4464 15837 7487 4999 8824 2953
9826 17987 12291 11413 11448 1488 665 4932 19155 9719 6780 4373 9720 3981 4900 12397 11736 12941 17429 13661 12123 13125 8971 3892 13380 14176
10105 12855 800 2650 18801 8428 16961 12171 7274 2462 5233 19381 12346 930 3199 8871 10195 15663 10637 14537 4608 3878 4745 3146 15725 19233
10572 9620 17658 11121 11228 13901 8386 17926 14676 16535 5639 17440 1984 16123 18868 4703 472 806 2481 10754 3621 17148 2702 16890 13549 19569
18631 2293 8456 14508 18554 6301 10424 2629 16310 13295 17578 19653 3351 11800 13827 17896 11209 13218 8762 8960 18514 17383 2279 17850 11201 10028
6001 11245 12053 16652 12972 11473 6603 13489 13347 2701 19640 6444 9067 11451 15455 19569 12770 11974 13087 8814 3649 627 15682 19977 937 12954
6470 5648 12847 14090 15105 17093 13709 19989 8492 16530 11808 10999 17128 12226 5908 18197 12242 6370 17891 13379 10322 15067 6533 2548 13450 1795
16646 18790 19815 15240 18860 11359 6374 7802 15865 16018 10922 18587 15373 15794 17521 3466 11578 12971 4691 12581 15268 16655 14074 1595 4512 9544
17825 18724 4018 4624 12778 6783 14870 11011 10355 17500 62 9859 9664 8758 5063 10198 17525 101 7419 10841 15573 5714 12593 14404 13818 3593
9023 18710 3357 1966 13309 5733 3869 6574 7192 8404 11482 16437 16273 10387 15001 6857 16860 12660 1193 19929 18091 6839 2242 10156 13519 1490
12421 19753 14880 18719 502 12773 14257 5370 9278 4122 11994 8976 14935 14049 18533 8451 1662 13225 694 9265 19657 11021 11827 15291 8165 6066
19627 14008 4440 7795 3002 12323 9983 3372 8267 4240 4862 19775 4108 19890 16346 4080 1691 5025 14363 10641 8645 3492 7641 2856 5787 4029
10203 8029 18036 19268 9162 2088 5375 2701 4187 11682 2244 12230 15128 17183 3318 10249 1374 14413 19134 12256 16829 16070 1107 19512 7658 15983
14009 12813 9802 4304 507 11447 1869 11946 18263 17311 4219 10063 11148 10877 16635 236 11407 14767 14277 10386 4552 13827 12236 16552 4155 11592
17356 13831 17798 4060 700 14185 19510 11252 7402 15917 16812 5136 16852 7189 16879 17153 7493 8565 851 15088 17096 9195 9248 9923 1666 2154
5552 5898 18008 18232 15107 18274 10631 11868 13946 11374 2070 1133 9807 11896 6318 17535 11971 6672 19468 6692 9476 15982 12221 12953 19765 5520
10565 10496 8868 10870 16475 7693 7454 11174 4628 7727 14293 16449 3137 13324 11997 6742 1545 12353 14726 15699 590 7616 10007 17069 4748 12649
10369 11463 15315 8940 16444 5439 16277 10708 3027 7750 15641 17495 18199 4703 11426 2423 13757 3034 8407 19114 13358 18290 4305 16264 4520 2663
5124 14859 13886 9300 9020 19017 14529 6923 18866 13916 1463 1577 3226 12516 7148 13100 5117 10132 15401 16366 7028 1174 8692 25 18325 5101
9666 9260 2736 18807 2132 9645 10767 8270 7211 1468 19622 5898 18001 9190 6898 564 11535 7912 16338 13881 7352 13621 7167 13343 11693 2371
16353 17629 11771 17520 1211 9605 12123 10406 128 1922 7504 2366 10286 12460 12433 16764 14242 13645 10040 13953 16477 12816 12055 13348 17469 15389
3884 19026 4038 7534 9657 1064 329 440 7033 8145 8580 9645 6973 12432 11306 12988 5885 17736 18200 7684 12507 617 17126 11917 117 4615
4896 17284 9328 664 2412 534 14700 12842 18594 1776 12001 6541 11915 14030 14477 2596 18188 17437 6453 177 3945 727 17574 12207 3775 14641
5378 299 13520 10529 114 18436 9834 7530 17314 8165 19478 10876 5180 3048 2117 11317 7313 566 13332 14745 12400 13872 3450 15204 12380 426
937 13490 2508 19436 18779 10468 14331 85 18553 5160 18568 5033 2240 4792 7655 19326 18855 19126 10655 11879 19411 1325 17891 5322 3864 4275
9073 15864 5791 10143 13786 6677 16561 1206 15436 4204 7203 11812 19284 5028 12616 12397 10090 4638 12338 5015 17886 7 14156 10818 8235 11443
14991 19317 11434 16599 9885 4150 13249 19708 8217 19668 13517 12285 2501 13390 17699 3519 2449 17926 1464 1488 6398 16047 9757 370 4995 6348
6529 17876 10013 10996 6373 11243 13990 15999 15988 12010 12317 2369 1478 15989 10210 14379 18704 12966 19737 9439 7904 19104 7674 6040 17166 8297
1849 17867 13837 9774 13272 14972 16089 4793 7397 16239 17286 14428 13179 12595 3471 12855 14705 4364 7000 14456 10722 13033 304 9487 2303 3631
7597 14880 18716 14002 11731 2577 12006 17108 13947 13319 4074 6999 10632 1004 2660 13546 10664 6012 12103 2148 10175 7043 8209 1749 14688 13121
4348 19684 4029 3628 5458 6023 574 5552 18915 14252 3740 8731 17173 9873 1463 18794 18412 432 13918 6631 9084 19873 18753 13540 1062 18696
12121 3553 14976 14978 4776 12339 5584 431 12604 296 9802 8756 10908 4433 11307 15648 10893 1603 11639 13475 5818 17564 938 13511 1851 11805
7810 8058 17877 19491 9517 12468 12302 19136 847 2631 16216 9030 16982 6648 7838 3868 18232 16649 5945 19030 11686 2600 17785 16489 8824 17858
17438 9004 11413 19554 9844 4618 17871 16717 6791 4701 10684 1178 1881 6641 9116 11207 12601 13734 15411 1634 7838 13746 14578 6854 9385 3582
7153 19197 9808 19518 375 1472 7402 4085 10124 19340 18954 9417 18728 5563 16127 19966 2888 18104 9368 4610 1811 1966 3718 8681 6967 347
13752 1399 14204 19710 4656 2595 6159 18085 17325 14340 4958 6927 14190 7833 1551 16758 2073 6666 813 3506 525 7222 7889 12487 11753 4151
12369 11602 11386 18243 18080 18916 10208 11082 9890 181 8538 8687 15473 1298 635 3724 14683 16563 7546 16763 12153 14365 10366 6746 10138 5437
7379 12628 9693 3618 821 15792 6184 15787 19480 11718 215 5137 19324 12474 8015 19245 7096 13762 11002 15720 15751 1809 10145 13218 12511 19165
10146 422 8000 6165 14552 12 14899 8573 15337 10599 19056 3256 13058 12963 5072 1482 5039 11800 8759 3248 4335 3491 9743 16248 3514 5002
10299 15649 15669 11828 5387 538 17879 14806 17349 17370 13514 9709 13443 11359 3646 12090 12690 12639 6413 276 15157 19785 2321 10710 16005 19524
7608 14199 2131 14324 18284 11304 11182 18111 5182 4480 9126 14874 2585 13446 15636 9552 12923 17204 19481 4847 18946 18094 283 13605 9915 17166
1337 6999 17403 11151 12784 7704 10505 17698 13215 15687 9234 15824 16924 19404 12835 10453 7739 17685 13159 12441 9788 1444 10302 11183 9646 7463
14774 17014 818 19593 15458 10763 14527 42 5364 9389 14378 11454 17620 9288 1699 8900 18140 3882 6595 18832 843 1760 2670 11668 7743 2672
3974 2396 3506 15271 14254 14065 17314 15886 1729 6867 15841 15691 12527 17238 5029 8719 1493 10310 14578 10152 2573 17595 31 13591 16671 17448
10092 1620 9304 15950 9284 10171 5593 2684 15822 10888 13926 16568 2465 7776 6480 2256 14157 8824 5551 13258 10642 5857 11149 5486 13937 4815
15627 11125 18959 3090 9187 6025 18880 5254 13954 1484 5906 14796 8840 8566 11166 18170 11739 2518 1587 13978 7124 18899 12669 14079 8001 1907
14353 7343 1056 19834 6607 14291 16759 9631 16208 13776 17172 13334 760 822 13394 15504 15588 14198 14810 15435 13080 19551 17355 2671 14333 14425
15412 11135 17772 18351 15407 6273 9595 9363 18977 15729 6462 5593 9334 19121 761 13856 16111 17573 8239 15099 9251 19006 9250 10201 12700 14332
13936 12081 13701 4976 584 8525 12632 16659 8498 17056 1296 6753 17494 13436 15300 15639 1237 15685 9695 18892 1 17993 1468 16311 7865 13307
12686 16699 14353 9447 13684 8770 642 4131 14204 10749 15957 13390 5506 18872 12408 11895 17889 16276 5522 3554 14656 9515 3851 17583 2776 16137
5390 14805 9870 19484 5600 9262 11379 19947 7498 3681 8886 3370 18918 18069 12807 19116 10467 7522 18904 5254 13273 140 15589 72 18991 4608
9388 9738 17917 19118 2617 9172 18239 16053 14258 13795 15407 10272 11914 19660 14631 12725 9832 10548 11760 10937 6542 15692 4874 11045 8092 11712
11075 11509 9520 234 12752 4439 8934 17337 19762 1144 14818 14822 13440 5685 17047 6762 357 17323 3630 1836 9886 2681 18096 2451 18517 13043
3865 5667 5602 6385 6455 11692 6662 4486 13824 6464 18775 3936 724 12834 8463 3091 7392 6776 18217 10343 6968 17142 9638 14950 14961 9329
11813 3146 12658 5765 11068 10060 5044 14832 16164 8036 3236 9834 16460 5052 13298 10037 12282 5460 15125 17273 8840 10439 15908 298 7867 19710
6608 17557 11242 577 5506 17834 4633 6040 11077 14558 10192 10690 2506 9494 3630 18582 3272 11261 19518 1125 3140 1549 7149 6764 5112 11099
818 8107 19745 3291 6276 9982 4873 9842 19275 2806 11702 18721 10970 17699 13893 14471 9466 5143 17979 13846 10942 11866 17332 8281 18420 11285
2054 3573 8103 7332 19368 15079 7450 6803 6448 14828 7522 2882 10205 14988 15716 8920 10430 7094 18475 11069 8094 501 7029 7730 2741 5531
10924 9233 2443 1671 3596 3577 15355 13545 3195 2438 4042 9612 17616 17857 6225 7136 8187 482 1312 4647 18438 19150 813 9064 9715 9307
8011 10432 17361 6462 2724 4069 17396 3955 5094 4683 3068 10055 12609 10826 8307 16825 14327 10920 9013 1811 19794 13115 7291 7018 8903 10856
2849 3820 16256 14837 9162 15657 11272 5707 2589 18618 9926 1211 17003 2229 1286 19722 10674 13581 4495 4006 16789 13320 13468 12465 18053 16102
10061 15522 19899 6237 2854 1904 13323 11016 6457 9263 13457 5334 13428 2848 4111 11267 3562 10500 1611 18619 15763 10964 18713 6651 15084 13658
19170 7048 17851 12718 6321 2777 14229 8372 2658 16696 17252 4314 2841 18867 15187 8019 1591 17326 8387 6106 16288 243 18868 11128 1802 1541
6524 16844 7339 16567 4605 19030 13202 11389 4122 19081 12486 11664 8950 3693 1945 18636 382 2870 17006 19971 5394 4806 19170 16775 19084 18205
17905 8121 7268 17064 18543 8007 14627 1555 2896 7884 9026 17080 11409 11391 847 8043 8443 8574 13646 18442 17885 3906 4928 740 11384 6317
14117 18452 636 9451 3716 10739 10379 7244 15337 17683 13686 8925 12886 4070 7378 13735 12875 1384 3874 15793 10135 4050 19053 3538 14277 18263
1798 12846 8001 16777 1808 4769 3919 7436 6468 307 15775 5397 5837 16909 8279 19141 2493 11009 9182 3624 2502 13871 19332 7433 137 8202
14967 913 15616 5933 5748 7239 14580 6228 6206 8755 15990 3671 16797 14073 14997 11924 6555 6361 4470 5306 18144 15144 19874 11635 11314 11670
1062 18036 203 19966 1921 9635 17845 2539 17072 18505 12041 527 11224 6524 5791 6443 10972 13120 8907 8916 4634 12357 13164 15295 1459 11765
17364 9625 11370 6443 8185 14817 17933 17041 3564 9002 14581 15741 79 16883 4397 2506 56 15821 17048 19472 16789 15148 258 7543 9946 3827
16994 4987 17873 14493 17283 9135 16801 15989 10275 15625 7683 7394 17322 12614 6446 17719 868 18524 2367 9797 3982 13725 6040 12407 15167 129
6688 19076 11897 1157 9740 17007 14236 10143 7842 11828 8298 9353 13611 13793 13392 5136 10766 13127 11024 3550 15893 8409 16623 8137 10327 18398
13649 18936 10132 11277 16885 5397 2079 16646 8320 6922 8965 13809 14176 3909 2217 13766 8488 13809 15541 14366 19685 14297 16787 2469 15286 18465
12359 6234 19897 2054 8077 15320 8544 5697 437 11232 15954 16909 11707 15090 14797 5575 16297 7238 5573 11446 12094 16691 12968 3556 477 11019
19628 12398 14646 17007 11869 4939 17222 1149 11454 14960 10975 12303 9599 6375 19852 17348 5580 12332 8644 8587 9385 3392 17310 12130 2788 5803
418 16622 4240 14362 17433 12087 12173 6720 14601 19991 17859 1736 14166 13922 16045 3627 17292 1161 15173 921 8627 7483 2845 10147 3349 16976
1306 4572 5898 1401 14623 15461 6466 13492 9655 9682 17735 2107 12091 1580 12683 8455 8995 3032 12441 18544 10464 1308 3857 103 9061 17126
14883 3687 612 8782 4217 1894 13545 2713 2172 14436 18417 13302 19451 17181 10887 10874 9605 6704 19004 14071 19104 4067 5904 13163 1567 13643
18106 17477 19104 14667 7781 5720 4419 14412 17826 10263 17404 11674 4766 12785 6370 1849 1547 9843 2203 7242 19876 9022 9063 9210 2403 2899
3198 14446 2326 12349 10517 2729 15920 5868 11948 8606 8177 5499 7744 10494 12918 5243 16748 4094 17196 8215 15609 997 15657 19227 15908 4004
12575 7878 11115 9018 8997 16121 19045 10262 10382 17895 1507 10697 3101 17456 11872 6081 15802 15959 209 3428 6875 6740 14869 13913 16943 17730
12205 10377 1918 3322 9122 13022 16473 13851 12806 7075 13693 354 4427 9773 8219 14948 17178 4961 1397 18218 17759 98 10628 1804 11976 16207
18906 12896 5576 17139 6560 15963 11263 3284 16958 1297 6632 10380 2096 12149 17143 6249 15240 6294 5744 12285 9908 14482 4661 4695 1429 18566
12309 9654 515 11485 14218 4034 15917 13611 19366 5283 13221 13553 1800 19478 7418 15628 5224 17198 14060 1327 10858 7606 16873 9558 12749 19477
13685 5433 17918 16976 3433 2540 10723 6431 17314 10984 15735 8684 19899 1823 4032 2674 16494 3237 16745 9417 9276 19646 18418 8364 19100 3033
17024 17431 10250 14659 2062 11054 17324 5389 19163 7891 3482 19798 12565 5742 10386 2291 19870 13626 14411 16409 12744 8312 13489 15934 6424 16508
17112 1869 881 9169 9491 16997 15565 10539 18957 13049 16915 9218 4828 8352 5759 8686 7523 7027 12673 7036 2721 10293 8461 3754 12679 12435
8512 18977 9464 1446 15826 18894 8108 16672 2505 779 9273 9091 6709 8601 16799 12826 13895 9193 15883 6979 4343 1744 17083 7978 7633 2708
13044 10746 14972 16115 767 8807 17650 10476 4287 9057 19615 2078 1575 2509 9763 7103 5849 8698 1336 13019 11555 12003 10329 665 2572 14517
5849 4837 9297 10508 15263 14847 19392 1511 4948 15097 3057 2820 14139 3281 18742 6597 6057 12490 5503 4536 966 19816 12622 17980 19986 656
3377 4191 6454 12117 2714 18178 14853 15674 12672 1378 17835 9608 7472 89 16466 7112 8001 6255 16995 13812 979 9049 3250 4414 1170 5242
17505 18817 18788 3877 209 2776 8788 13821 8502 7432 18970 8319 9617 4230 11222 10722 1833 13078 17471 13617 8369 2799 9465 19153 9397 18319
12246 3462 10034 5909 19052 3572 8927 17364 12092 9899 10039 17914 6559 16418 2358 16438 15467 12894 9780 11915 17472 4050 5387 7124 10206 18584
12003 16722 18232 17302 5753 6137 7254 8725 15368 8444 10754 12445 14598 2634 16417 8008 2844 14756 10311 11287 6584 102 5166 4143 3452 4464
8287 3922 4807 9117 15824 9362 16918 8183 14235 9933 8676 19600 1745 18836 5388 16276 586 6991 7322 18704 7042 3198 7966 6206 2432 4602
18831 9483 13163 7700 17040 11568 10263 19423 1615 2928 1299 8759 15676 98 19239 5771 6975 19042 3485 11113 6192 18418 11217 11020 30 2088
15661 13421 15797 13643 3299 19932 12854 9679 712 16105 7460 17528 7859 3277 9306 10011 2552 19793 19013 368 787 5129 5708 11430 9827 9324
3471 3710 7280 10291 8902 11783 2513 3958 13871 10392 7457 10749 5125 12400 12191 14736 13649 18367 14016 14746 15227 9179 9981 18050 8214 17406
12731 14174 2575 15771 17559 10056 16222 14835 1148 370 18561 16985 1054 16405 19233 6342 17637 15769 1290 13343 15323 8337 4905 127 657 2994
1544 9580 8667 14602 12672 4486 1265 19371 9339 1000 18350 16957 3419 7329 11249 3655 18397 15663 2236 3131 15922 11561 17292 9481 2033 19128
15756 15270 18968 7337 9674 4217 5311 1858 14602 4110 3834 8681 13507 10044 12410 11628 322 9910 13883 19787 2982 11974 13453 13162 1902 5388
8326 3591 8367 33 3751 15318 17533 4277 17789 7717 13366 13677 15918 17494 10698 4092 473 16601 11424 14308 5127 10041 969 6894 5245 4997
13738 17436 9937 17595 14135 12188 11049 4338 2867 17 13609 16843 6601 653 14175 14431 3624 18183 808 3543 2160 3771 8791 10107 19501 6179
5834 9808 15736 2958 8753 3317 16265 4021 9745 8515 15054 6359 2071 19988 5846 9808 5835 9133 10658 7806 11928 9681 11101 13250 5170 720
7252 5117 18072 3347 16411 10835 19981 6790 4779 1409 10611 4057 18647 12947 6349 16313 13418 1644 7012 7206 3592 12825 12619 19498 4187 13982
11584 9460 10428 9529 9334 16995 4462 8968 1862 13656 7098 15237 19082 12993 11939 6497 16097 17866 4853 15671 8014 14268 16688 19600 7872 13839
4229 10061 2140 7190 1583 16488 2099 3262 438 12620 18252 17374 731 19847 2018 3149 6569 7951 10861 15914 2776 16915 12277 17900 10190 14543
16464 13427 11101 5223 13367 13321 7877 7114 14175 6217 19586 10975 11947 16720 4400 8239 18016 11262 15323 228 14339 9103 18286 13942 16510 19621
15119 14392 19306 15614 3623 17910 731 7083 15574 17031 16671 12633 10062 11396 1399 18296 17071 5677 16709 8210 13321 15974 18675 18816 1794 4141
1325 670 1396 9713 19134 10828 18449 7575 15977 2165 18049 19884 8514 13209 3334 1513 3000 8511 1117 2428 16191 4739 17612 13126 15872 12999
9091 1646 55 8320 7986 1145 5062 12502 6511 6056 11226 4871 12946 370 14825 14039 16297 5886 17779 12473 17087 10164 16692 9608 11929 1200
14624 6902 2819 15590 5423 5603 5105 15728 7009 16480 8473 11316 2031 5152 18595 13696 1630 19585 9390 6515 1176 18529 11059 10472 8243 1352
18866 2911 16607 13285 7354 480 11693 8430 10304 10660 1140 5183 15826 950 12127 19664 1824 14611 993 16051 14301 18224 6202 8144 8160 1188
17765 19865 14202 2830 1263 17551 5730 9936 8670 18662 14443 14807 8666 11675 148 3315 19904 11632 1055 3007 3735 3272 10394 14706 6639 10058
6262 13256 17856 13402 10127 9319 9953 9653 18447 17093 19199 2965 8299 10889 1661 18782 10263 19025 18281 13028 12689 17753 14860 8422 4789 14912
363 10925 13930 8691 1385 11166 6436 18558 3169 18383 14543 6765 4229 1469 9909 3577 5196 15973 13772 19745 176 15393 18079 13480 9806 9513
3413 2225 15477 18788 12893 11955 3096 2980 3283 12540 18996 4549 7609 15687 8900 9371 701 4658 4783 15538 7581 17982 7986 7964 1918 6822
12024 12187 8021 1702 13949 4142 11204 10240 19446 7592 9350 6182 5684 7254 9371 17359 8307 16404 15279 15035 2870 19864 15364 14373 6821 9540
12368 19534 10331 14418 4853 6456 11794 11864 19017 8241 7284 8182 16574 5600 4229 4944 364 4467 17167 10787 16212 15629 15346 5929 9530 9712
16208 3486 4761 11989 18429 14626 5448 19126 6818 19102 5991 5628 16264 13610 15693 3727 8769 16852 12298 7235 17113 4641 6422 15431 4697 16912
6793 10848 920 13018 18260 11507 1128 4091 11285 2591 6458 8934 3746 15187 3824 17097 18447 12581 14540 10323 15542 16769 18805 11299 7166 5783
18479 17644 8009 2793 7145 13894 19822 2882 14185 2387 13876 667 6409 14446 16249 7134 19594 10269 19506 3249 6014 18525 18297 14798 3253 1547
15304 16488 13407 5361 9577 7749 19962 10412 11035 10962 18585 11686 8835 9078 12672 4586 974 15645 4157 315 4665 2448 5656 13112 2939 11145
12545 2887 12143 1257 18371 19547 11338 18662 5672 3085 1892 3978 15238 6652 17902 8728 6607 13815 10565 15408 15888 9955 2846 3879 3894 2714
16457 19862 14752 1378 1314 7123 5202 1857 2183 19600 3476 7248 10306 10627 6716 12075 19093 17160 210 3052 10469 13802 6291 8742 18844 11445
15794 2010 12653 15650 3406 10159 14305 1765 10727 3564 17586 8153 18923 2592 2709 6320 10872 2861 12436 5370 8209 2628 14905 5912 366 16609
11568 1812 3602 9948 1167 228 369 10289 17741 8786 18504 4454 15808 18624 13851 731 9616 12476 16162 16644 15686 3601 12816 5741 1037 12638
5342 13237 8285 5440 4636 13875 9194 14979 15456 4023 3916 13340 9483 15699 13436 15406 8819 7641 17735 18128 3471 12727 18399 18780 15334 19387
15857 18917 2662 4104 9405 11345 9439 19203 16054 12726 13346 286 7394 6755 16507 11220 9460 18478 13844 7530 18696 367 19290 15561 7231 12852
10732 824 13554 18543 11491 1550 243 10636 12031 1409 5748 17488 13554 10144 3238 19098 13996 4348 9197 1833 16193 451 9848 4079 16981 9376
10863 12353 15372 9923 11003 13975 14400 5638 9215 19296 15101 2708 15200 18541 2431 19460 19344 11952 17990 7495 6536 13103 8591 15136 2389 13591
6251 14964 12782 17254 482 5785 4600 6755 11257 2681 7296 11539 14661 12887 11170 4593 16538 5244 7967 2396 4984 11123 13755 16987 14706 10846
100 17782 12321 17616 14983 18926 734 4356 19158 9763 14061 15211 592 19206 5062 14461 8341 5808 11325 8782 13181 17133 14699 794 13591 16871
5127 18141 19306 7124 17832 6088 5550 5979 1023 15984 4150 5007 4823 8381 5441 17717 3911 5313 11325 2255 16369 2101 9751 14428 10715 3553
3092 2473 10035 14341 17500 12581 9326 10132 17665 2401 18786 18813 17333 3032 11162 10699 12803 8062 16397 9792 5921 6772 9750 3784 6978 4437
19276 5675 11792 6516 17791 9137 10098 11810 10898 14335 17955 10966 11563 8606 13987 1151 15168 19189 11617 6202 2316 11658 3566 5254 4742 9141
15969 6161 19730 17976 6029 3891 9417 10533 12901 9114 7243 19894 14376 17094 9027 17686 17186 1074 7902 695 9694 10136 11073 17882 4257 1306
9071 14183 17254 16825 14564 17620 15402 3622 2758 18907 1977 12530 17320 14982 999 14835 8961 18394 13799 10840 2566 18452 9009 13364 4668 5901
9162 6509 10486 15481 1737 10041 6365 7658 12473 4353 14657 11172 14896 2571 4071 7659 14074 14726 16752 17815 4238 17489 9934 13066 16268 8312
6972 2575 15036 11522 13422 14570 11597 160 11178 11067 2491 10129 9010 11835 17472 7566 19230 1728 1315 19602 12197 15437 13343 14585 13406 6624
11883 13377 11236 10096 16248 19929 17637 19374 3879 19190 18178 12636 14018 16790 19260 12448 9722 852 8960 2011 14103 5931 13721 12020 12514 9981
9795 16543 4889 2799 17980 2370 12286 1496 3851 18882 14087 5950 3071 10926 15129 10664 14277 4918 9026 19501 8260 6764 14546 16159 4983 11231
12297 15122 14966 8943 4106 5317 342 8002 7448 19657 3385 10851 5111 14537 5133 15985 19431 8932 17810 7394 19342 14946 16497 10651 7245 17432
15081 8505 1817 19791 11454 18266 5191 11673 1239 13289 13607 14293 3214 7696 16129 7217 2791 14018 12891 15228 1491 158 6345 7611 15442 3020
2012 4839 9199 19943 14498 16715 10109 1044 4467 7053 6043 1377 15492 542 2229 1297 14135 14847 5555 2499 9047 15661 18122 10359 16948 14947
2939 6819 18854 10078 15921 7960 13972 14524 12293 6771 2016 5784 15329 2193 5940 14761 2607 7460 15056 19004 15323 6675 6373 16737 5296 3852
8145 19111 15754 13556 8010 7424 16008 19145 3039 852 15980 13602 14428 5329 5243 6303 12446 18428 1759 13468 17602 4224 15060 10515 12356 17173
8023 3325 18598 7047 6554 3424 10777 7074 16397 17301 13867 16613 14255 3057 14309 2109 6771 11625 12052 8386 15994 12650 18641 7086 3424 10897
10794 8324 19640 2049 6937 17398 19365 19608 9230 19814 3414 4533 11869 9026 5082 7962 6653 19685 10482 5027 13877 15274 1116 6261 4920 14716
7158 19446 10589 18403 10663 6965 5210 3177 6677 6084 4455 15546 19165 10199 19706 6923 7590 6539 7239 17088 19022 15957 7071 16810 13773 4638
6726 9958 14771 4869 8342 8765 7692 18633 19700 9842 9131 2523 8212 9321 9136 9172 19428 327 6518 16654 3207 1415 4284 11332 4234 17657
11648 14040 8303 17816 18789 2738 13165 12965 3702 6721 15183 8877 10265 2285 70 14292 18551 11994 2534 5459 13601 12265 1083 16474 18845 10198
13107 19681 19182 16218 6102 4776 2974 9620 11548 6581 6536 2723 10202 7612 2546 16435 7654 13653 8814 2908 11473 19208 7931 11873 3445 15640
14320 13782 18919 13320 1367 17600 929 1754 12481 15292 13990 19909 11778 3628 2895 4052 10017 976 19172 16845 10887 5462 509 5388 3523 12240
2526 8218 11449 16387 11723 5816 19069 9903 14595 18151 9218 19427 12553 13621 9783 7330 4231 10557 1248 6673 14015 19293 7534 8041 10980 6222
3995 11499 10472 542 2922 2793 17114 152 3303 7642 14764 8371 6942 1361 15944 1974 18922 1583 11948 7672 836 18499 2231 19611 1223 18296
8369 8147 12741 14354 2064 2517 8797 14312 7874 2852 11383 18223 9291 3727 11138 6393 17203 3412 6419 14717 14293 9209 6179 15084 6425 8663
1092 2858 4284 14377 4956 16505 14695 12674 3567 10336 13150 11682 10979 6553 1652 12674 1293 9264 11830 11310 1956 14259 14175 19997 5267 4795
2711 6817 1969 1931 9398 9096 15700 628 1298 19915 5062 5374 18976 16046 10290 4187 11008 9668 19777 10599 6944 2025 8989 1859 7248 17719
10718 11824 5434 15306 9395 3986 8716 5691 5319 736 4488 12680 12358 12101 17733 4400 5254 12305 18905 16417 9375 3625 161 5240 18693 9949
13759 12423 8836 11407 11193 14786 7903 17671 8582 3129 2954 2248 1584 15849 6203 6306 6732 15203 13991 9762 12067 5247 12797 19745 15557 7081
13812 6073 11082 9032 9722 3305 5382 15657 7742 15205 12827 18333 14406 1494 14440 16034 8605 14407 15141 16346 3329 18721 18646 11018 4464 17743
4825 13126 14617 13032 2785 12171 14806 19874 10384 3991 11977 15369 9980 19713 14159 16497 12293 1746 15852 420 13644 6560 8098 19070 12908 19953
4157 1346 1163 10385 765 7530 14071 15685 19884 7249 13137 12384 17168 9252 13747 19872 17993 9404 3509 13553 8975 17550 6875 13092 3153 8885
14881 8848 14636 13314 11955 15408 13154 19540 5750 8618 18550 14937 4283 15068 7047 12136 13634 779 19211 16065 19106 8939 10546 7280 19323 14970
5134 212 13998 12191 778 10002 14661 6725 4265 18603 2552 2569 15992 10183 6320 18776 2897 8440 19730 5826 16709 19285 8794 16130 10821 3295
4682 13079 10280 18114 7443 15072 174 2109 11924 11371 1891 7977 7014 17276 4439 7703 9158 6214 7337 7204 19063 17232 2652 10725 8894 14112
42 11470 16493 3342 11076 5803 11785 9558 5414 19639 1486 16166 9713 13087 12780 9990 14824 2814 2066 5519 17326 7378 9061 12398 19586 15605
16947 11092 5099 5797 4184 16568 11988 17644 4679 2249 16016 8084 12173 6890 12615 12234 13005 17050 259 3662 12263 14651 2761 11825 15115 17638
17216 10967 8652 9006 9548 9932 6169 17824 6656 10911 12067 19421 14270 15672 17901 5219 16975 11650 16822 9889 4083 13633 13233 8155 9107 7389
17668 16896 8990 15572 3636 7410 15183 178 4620 1166 6026 17543 16771 12198 6275 12919 719 4093 14525 16321 12943 12336 9887 8350 8408 10641
8872 4765 11117 15704 9358 19791 9019 4511 3054 19623 10560 4048 6754 17582 13025 12383 11127 1399 18246 18385 5487 498 465 2259 9774 647
7902 7820 3828 16804 4059 3174 17687 19724 12027 15663 3291 6243 6522 13823 9912 16072 9061 11790 18856 10403 8334 3549 14617 10415 1302 15578
15587 7936 2012 7529 4388 15246 19100 4883 5457 13023 1885 18845 12032 3998 2023 4198 1072 15679 445 6325 3192 9601 10196 13049 16293 15010
357 15727 871 1805 17508 7421 16949 18923 19872 4615 16499 868 19549 7309 529 12621 10360 4517 17137 3735 7886 7552 7956 1250 11849 3194
10219 8243 16013 16566 16262 17547 10396 2686 4305 1164 10720 7870 19583 17469 12491 14045 15834 1226 11414 12929 19108 14448 15015 16085 14888 13486
696 10893 5798 17318 14877 17828 10020 19981 13747 19393 2738 19879 4723 9031 5660 2755 4886 19283 10209 3977 18692 6605 9644 3110 4535 6441
12373 18924 7256 1346 7532 10402 19501 2536 8834 19986 7209 13284 19381 77 17531 4771 13317 11990 17253 6525 7968 15269 7183 14035 12027 7460
1471 9241 5047 18538 19988 16040 11486 3024 14542 13340 18252 9881 5922 4696 2778 11238 15715 12995 18785 7358 8915 19832 13170 18934 19503 3142
5418 1474 3860 16176 9826 2146 14280 13006 1130 9385 12987 5245 13887 13469 4485 8918 19713 19630 1764 15879 3600 9640 9057 8561 11294 14111
14549 19324 13811 11279 10687 13655 5018 11060 8830 5345 18025 6773 2556 253 16743 1417 18753 890 19745 19098 16601 18781 6765 16313 1958 13396
9989 7506 18343 18225 16693 14850 15936 17313 2161 4860 17684 17446 17858 13852 19891 5820 12888 11387 1292 648 11069 15386 13377 5562 456 12904
12374 14964 5670 7561 6134 13080 14617 9121 10475 18906 11069 16462 5799 8038 6083 4959 9594 2473 11402 17366 6406 3002 19132 19972 6674 19184
11138 2147 13389 13286 16476 65 17962 6923 8347 19588 7838 15868 16479 890 138 12917 6130 15623 1665 10822 13626 15484 4275 8991 19753 18645
681 839 5383 4204 1331 3607 14747 2085 2233 6546 12565 16808 8776 3673 17225 12298 16290 19636 8489 17387 4588 17029 10350 8399 17177 17681
1006 3161 9881 1369 1985 8280 17963 14857 2166 11108 16349 17309 926 13164 1408 513 11392 4437 3306 6865 14909 11246 7451 10012 10130 19962
2289 19909 7599 6260 12048 14756 5026 5033 17974 19357 14447 6826 4175 8759 9932 2570 17009 5044 15015 1816 14505 8983 11994 12717 8806 3780
17539 18707 16376 8454 2027 17459 9492 14776 2943 2732 3841 15617 12641 13315 3217 16780 9853 1452 5714 2992 2754 9070 3559 19417 6641 16035
1068 2674 2533 9982 18916 5442 17021 17800 18584 13869 4247 16159 11383 858 16425 3363 3504 2512 19265 10805 3997 6856 11355 4983 10997 16912
5122 18781 6322 16550 8573 18284 12607 818 19401 11798 3672 18027 7574 2783 11130 12328 2223 14868 3760 5700 8820 8624 13750 17519 19799 3549
4185 3813 9156 7508 8812 15256 14485 5660 12534 10031 8756 11086 14003 19604 10863 5993 18513 1235 1864 2869 11840 18433 12758 9375 11260 6067
17928 7098 16973 14544 4021 647 2885 3297 10366 19052 14477 17578 13403 14389 19459 16252 13120 19324 13049 19049 19877 11659 6868 18188 3817 16762
11146 14368 3164 7353 1648 17587 2193 959 2330 3885 6090 19699 17325 17588 4540 7999 339 13877 11599 12037 10235 19387 15455 8406 6975 14881
5406 18290 9113 1305 17557 19287 15936 16008 10631 11523 6189 2125 18131 11100 4006 293 2267 14297 13597 18473 2091 16844 7029 13980 3443 4341
1205 4871 11103 12163 2986 2050 17048 9554 7054 16758 16750 9382 11871 8160 8848 16181 1482 5183 10741 3087 14999 6045 19894 8213 5856 4685
9075 3778 8764 1480 4162 10920 5030 8830 5241 420 8524 9805 13780 6684 4112 19644 3365 7572 5086 17392 4811 18056 263 14351 7269 14174
16566 15958 839 10391 6826 3577 6606 11584 9897 19821 6303 5052 16769 4731 19401 10690 15569 18246 14973 9550 8498 701 6990 19520 2 7335
13106 7867 19929 8321 8753 17990 3823 15750 10246 9104 19268 11723 11183 17710 14731 17610 6786 17163 5328 18998 3869 16288 17868 4373 11206 12362
12115 12681 16898 10990 14377 4837 2599 4194 6999 6870 15229 11954 9625 19062 5651 10150 3078 12588 113 2016 6421 16114 5315 1457 1538 1712
5357 3927 1255 16571 10102 17036 7388 9400 3316 89 10094 12207 15673 4533 17735 3487 3278 13231 6291 15699 14540 13008 6728 7040 7722 17556
12285 6907 2390 5590 13180 15929 4255 1076 15284 14312 3695 18459 8791 18976 840 4439 8395 13896 9702 17426 6159 13709 565 3719 1904 2648
4219 11643 18129 5255 1637 9954 5970 11432 3577 13298 1151 8921 12900 5314 19063 11757 2124 1476 14307 17113 18645 7170 8277 17181 19814 19331
54 17210 6410 7810 16057 4959 12499 7022 13420 3828 14945 9544 14060 8715 12784 7668 18157 15640 11046 3013 11274 17201 1666 11664 5226 9501
1920 18756 13503 11110 12000 11574 15086 16659 14783 17902 5445 3263 17760 1326 3623 13256 2739 14268 16948 15193 3512 15160 8340 9806 530 7053
16441 9399 6520 10702 8375 1187 18256 954 12470 12328 17897 19710 3648 6150 12409 6654 9145 7277 513 2305 16721 3221 2218 497 91 805
565 19177 126 18605 3766 14925 8833 5559 19077 11408 5829 10312 8144 8752 6420 11014 1991 14213 8926 744 7862 7615 14898 18240 17815 14679
13986 5133 4460 17862 13664 5074 4331 16292 12748 3618 15544 3227 3163 17419 8494 1934 14077 9981 10643 7080 15149 10101 5904 9558 11144 11001
5135 5504 666 19040 484 5957 6314 5351 4176 511 11064 17670 15089 18586 12187 9897 2296 3540 17323 13035 7188 13709 12733 330 7941 7865
18478 6700 6166 19598 11964 10096 16054 6209 13187 3395 2513 12296 17590 6038 8712 11234 7209 753 4639 16330 15187 17070 16392 3833 15086 4686
5138 3964 18030 19758 9237 14657 17582 12025 19732 3957 5240 15191 17539 13844 5199 19683 109 15741 6424 19622 17615 4152 9744 10363 9218 10344
1365 6329 15362 19795 16779 2111 6493 1121 488 5896 1657 2816 6056 2637 8047 3622 81 3899 18123 15280 13632 8102 5549 7556 5720 3538
4710 13743 7033 8398 4989 8493 6040 18362 9603 14664 19463 8282 4098 8543 17390 3152 6277 13865 14007 19178 2374 11674 13730 14237 753 8204
13012 16703 15437 4433 589 2309 2392 6487 2225 5697 7455 420 18519 709 19235 8138 12377 11316 6823 7614 11639 7189 10084 8482 1133 18502
2138 19665 9069 18330 17645 15525 12983 589 13415 2495 1922 4422 6795 14872 3709 3932 3391 10588 5753 5348 5595 7771 2991 15980 18686 14273
13085 6283 3895 3593 10192 8215 6207 2976 3298 12783 4427 2748 16109 12193 5451 503 10381 8582 2785 7782 1347 7934 14568 13971 19732 18122
11355 18311 9207 12920 5185 5172 8231 576 11301 16466 7722 14807 15155 16843 6174 8601 437 8129 1829 17060 5610 9836 17435 1225 1880 11707
7730 9197 10479 18422 9912 2486 13076 17498 4650 11924 8755 7483 17787 6666 4564 5358 5252 16432 11557 8324 17825 18022 13997 4487 7985 7181
6578 8637 13197 6231 9710 16659 2555 8984 13507 15205 7204 7968 1484 2622 12409 9657 1167 15991 16892 13914 15497 13092 693 6549 14344 3801
997 14094 1921 18793 17329 4722 4401 10458 4406 2858 14811 9128 11802 18815 13448 4580 10216 14854 1659 15788 7827 16243 10700 4424 11677 6677
18779 926 15491 19766 6591 5130 12561 2366 11467 9889 16721 19572 16364 17793 10677 19871 2525 12646 14978 6832 13691 15128 9686 17340 19855 6500
12970 15652 3503 11332 6168 17847 15035 18196 17111 19502 9732 10589 18023 16530 1136 16990 9480 1101 8816 3551 2229 8262 15118 19846 9062 793
10344 11478 5999 16033 19067 17948 9242 3487 2954 706 6042 18667 4284 10441 4090 6236 6113 7504 19892 7928 18479 13692 11229 18908 13963 15240
3835 5257 16992 16498 16514 11991 19276 19174 10282 15946 16393 16382 3439 2107 9458 13415 17914 14098 10717 12743 15524 12235 9321 6461 10547 3624
7789 17588 16371 6647 19687 117 12623 17333 16634 16742 13544 2017 19027 17935 440 10991 17825 17863 55 3640 821 10693 5381 17737 172 14857
5514 481 4911 17683 14360 4615 17080 18866 15448 8328 90 8593 13790 14071 5901 6723 11705 15085 6734 16078 11815 15284 9283 17867 2705 5154
9022 2537 4662 10187 1683 12071 9264 1971 17926 10351 12293 15762 7254 11303 2350 15739 18985 12721 3770 9879 12017 5802 10262 16231 15989 8358
3493 15151 10490 13460 14863 12648 1070 540 11601 4509 6768 17697 8629 15290 2683 2300 8777 1594 11392 14478 19885 1333 14861 11972 417 7523
19898 5600 15109 17400 8697 3340 94 17394 11073 12736 7756 6034 17587 17411 7299 1072 4156 15575 8225 19461 11648 4186 17982 12555 7041 9666
2695 3250 3946 10887 10219 17623 18385 13595 8488 7102 7593 7053 16343 3007 1666 4552 5847 2422 15261 15450 4230 15805 18176 7291 12363 10857
14903 11292 6776 11597 10569 17756 4980 8114 9824 16990 1729 9225 4272 14807 217 10827 2477 17476 7954 11082 6323 18269 324 16053 11126 4091
16443 14067 14665 17276 11649 1783 9364 6812 16095 10170 19988 5375 5855 15965 4161 19839 14930 17105 8743 4268 7932 10278 2833 2049 8255 13089
949 12988 8607 12739 2601 7931 4490 4784 17780 14863 18613 6526 7136 11811 13524 19672 4949 4449 8869 12344 12340 7872 2376 7273 15151 15586
14995 6327 10826 17090 15610 14672 18278 12838 9725 19615 5276 10670 300 794 5397 18122 6114 6837 4533 1240 7596 4904 19381 768 3915 2058
19383 16715 14834 8877 18030 9025 10760 16661 2082 14549 6253 13999 8325 10505 10227 10879 11335 1996 17553 6276 5094 12847 18033 16755 9209 8332
19791 18206 17982 12833 2252 2334 3338 6811 17241 5257 5710 9212 17541 7444 6403 13922 11006 16365 17970 4744 4834 2465 476 8737 3377 4300
1909 10675 8147 1268 9223 6624 14139 10763 6189 19000 11620 9939 13364 15368 7498 4950 6771 2507 2498 13304 15646 8374 18764 19932 11547 13574
