365
53 88 63 17 98 43 94 38 28 0 67 32 50 18 42 55 55 68 78 68 58 29 93 43 55 34
15876 18109 14144 2079 7112 12216 6120 7757 936 9773 17654 4307 12440 19838 14813 19471 12498 6871 15144 13558 8587 16951 16881 19637 19371 12305
19185 4436 14630 2078 9882 1064 1371 3137 10347 14779 14607 13760 16372 9866 18457 10727 16427 18755 1265 11956 17799 11826 15831 19650 2002 15392
5845 1115 18893 878 6716 909 10179 7850 11614 1936 11589 13410 13736 4918 1299 15432 1837 17011 14283 12451 11207 7235 16110 11997 7204 9533
13829 871 5476 5865 8832 929 17467 260 164 7919 4317 17188 19865 6437 17448 10035 13129 310 9137 2038 15453 13074 13464 15119 2337 17447
3159 13606 18343 16176 11226 17599 5189 1518 551 5918 9087 2830 1021 15642 3359 5873 9196 16796 10600 9484 15800 4920 15543 8255 11143 7551
5636 5629 11593 8368 15385 620 5014 17943 9925 6732 1921 6392 15739 19269 17558 12669 3421 10152 7044 7469 7471 6434 17573 12114 9562 10468
6005 2424 10345 5422 7940 14296 1610 2870 15639 10577 13148 19429 9520 16139 17130 2392 261 7323 11901 1901 3773 10431 3550 5373 10677 13425
19209 9037 14702 9359 8011 4688 444 16262 5696 10955 10240 16837 16057 1327 6755 12399 7635 1281 15377 12243 19176 19648 15032 7360 1356 14022
12645 4418 2592 16072 4627 6090 5829 8073 9333 14436 12880 8257 5005 1995 17900 11179 15364 3972 12410 17270 3340 9149 8616 1494 15159 13391
18571 19320 5643 4321 9257 8121 7642 8641 12153 9218 15594 17439 10169 15399 5862 2400 10744 9801 8987 18386 2044 15739 14472 2903 18761 19365
4795 8615 74 13981 1769 8978 15719 14804 19405 13172 17480 5598 12716 2729 17035 4085 8717 4646 12224 13756 6696 1912 6983 7663 1580 2344
14203 19068 17518 8620 9516 12603 6368 2151 14672 17668 10511 16090 19112 10994 3985 11605 4636 11858 13600 19940 4926 2678 14463 1106 14482 9405
5362 6078 15053 15654 11579 4744 209 11318 16456 19592 7441 873 2534 16690 13261 1511 6720 15414 18669 12130 10899 618 12323 17488 13721 3073
2497 17975 11175 2862 9997 4903 3379 6329 1058 14449 8326 18247 13677 12726 8959 16247 6166 10254 588 19335 4382 1872 18448 6594 18676 16722
11040 5527 18027 9138 6837 15404 12818 1498 11347 15132 11773 15505 12047 12767 5594 15506 8937 7962 9732 7351 17828 15765 4850 14022 17607 241
12949 16034 15461 18151 8065 819 4746 18546 11595 12611 3806 921 7210 9391 10649 17677 8376 12603 12424 10752 18960 13640 16653 1754 4662 18105
13295 19546 15815 13700 16849 7553 8288 14887 12790 19233 1956 19725 8263 6544 18224 13267 3535 6620 7026 8309 15752 11112 7701 19103 1190 16182
4771 6554 19696 6448 13679 16939 9768 4947 16840 5230 4441 17209 14242 6987 19702 14423 19140 7098 5675 17807 19306 15033 2554 17310 2082 17604
11347 6280 19736 4349 16606 1731 11351 6552 9306 9124 15231 18569 8009 16009 19078 3475 8197 18062 1123 1642 16824 19259 7229 6892 5627 6153
16990 15886 4683 1779 7906 528 19617 2088 10347 15954 363 11602 17713 2342 13437 16298 16066 2165 2435 5537 11307 9461 19500 14669 11330 7373
122 17240 5887 13339 10309 3090 5781 19871 13520 19551 18984 19669 488 3595 18160 17540 17192 1077 6778 6870 15318 2417 5780 18691 8974 5148
2881 11941 8547 12040 733 9529 18950 8279 14387 16260 5402 4340 13529 1116 10055 17602 16024 18083 5194 12332 11818 17553 6007 12253 19440 17871
3317 12794 14787 4558 17554 2378 8958 19623 4618 19392 5964 2377 19405 991 10066 14016 6495 15657 9384 4855 16578 19035 13536 10527 17668 6818
18975 17052 5880 11504 5219 4241 18287 692 11714 16496 16441 3164 3358 16987 5429 11792 9971 12410 15369 2777 772 16874 4094 10996 3094 5767
15785 16857 16287 18257 2138 2313 5149 9065 13330 4335 15968 3787 10673 10536 19186 13448 10708 7701 19908 5710 9460 10978 14762 11563 19201 12591
12670 7195 12410 6553 155 4617 5190 10215 14536 6210 13858 6636 5015 6301 49 3001 13302 18658 2825 9403 5710 18857 11308 5681 7236 7485
13438 3455 3259 8566 13497 12972 18727 5360 11095 6041 14420 18701 15263 4254 14818 13687 5449 18160 6099 13104 15842 2874 17537 11966 8707 19868
11985 1799 13192 3479 15094 12580 18473 18309 3861 2248 5244 391 18944 15870 7951 6683 8317 3103 13241 5829 19949 18872 4468 16159 10021 17697
9143 18362 15268 17439 1926 3937 19825 18034 19577 7988 10182 9342 8033 12668 9955 15648 2959 1887 1970 11151 10485 16952 4688 1019 3488 2991
8783 6032 15661 19831 2378 12265 18947 10245 17735 14746 3071 8205 9309 409 395 14873 19809 7656 19230 466 13435 3599 11767 6779 4134 6693
2369 11965 13970 6019 14567 4837 9196 11246 18063 18712 12675 10093 11198 13998 15570 1709 10529 4871 6559 16260 9095 16990 8201 14937 19856 12056
11849 11635 14646 782 11830 15792 11710 7704 5875 8363 15745 9502 18581 1089 4979 376 16478 15395 11737 2728 13702 596 17215 3466 3780 7876
8626 17889 8963 13850 7295 11163 8102 10830 17077 8068 17013 14937 15301 12833 18247 14216 18601 14542 11913 1072 15820 10457 10740 2237 949 7668
10762 662 19557 2848 717 14771 871 12929 3000 18479 10850 2164 12681 582 18781 14490 17000 9786 15376 17808 19383 13862 1836 13836 11134 13465
7488 5868 5561 2927 3033 14911 16737 9363 16189 16248 3974 8486 5132 18125 5628 6651 12030 12201 9469 7043 17998 6093 119 5438 15493 11087
5500 2124 5343 5953 18003 5369 19796 19574 11166 18924 11292 17123 4672 11548 1933 15021 15667 11312 9563 17972 15781 6522 7476 11519 4199 11802
18513 16283 15980 14935 7430 18663 9162 17578 9183 11384 14053 12575 11310 8061 1060 3519 2221 9003 5989 16023 15438 7492 7546 8212 14768 2321
8313 13407 2392 126 1073 4438 18517 4882 12847 16769 4818 5039 9777 7890 14866 12810 1071 5235 7374 10525 8265 14140 17965 7256 13303 19975
14722 5570 19703 13612 14189 16278 18771 16235 19639 8165 18684 3793 5028 15805 3352 16241 4696 18994 5425 19770 19202 8681 8355 12052 17610 12106
132 19036 17101 2857 2290 13440 14812 2239 11632 1671 16897 2340 12696 12169 19720 9242 18552 2427 4267 9190 2150 12062 9392 15403 10692 13967
1212 3361 7017 6058 7625 13635 8688 3789 4472 9641 15307 4299 18251 15459 12359 2098 14832 4696 3456 7441 19911 17299 14492 16309 3189 14581
14425 8762 9092 10159 19120 1428 14837 4949 3277 13386 19043 19102 11538 13121 17463 8953 14996 4831 5052 1817 3897 3549 18494 1002 4612 8927
16444 8023 2288 15766 19742 1527 18918 4959 13750 1146 7437 4825 19329 304 9533 5430 16030 2580 210 17982 3494 7618 19052 6274 9170 10934
5247 8832 17957 10266 2539 1085 19039 3884 3895 2073 8142 15127 18606 8926 534 4969 11811 8198 16206 16001 19349 3480 6334 12351 13904 12941
12288 19310 7599 11263 13008 3461 13624 10960 13504 5983 11462 7316 10696 8529 4756 6347 18889 4103 1879 11813 3580 17332 15595 13710 18402 13281
9404 5662 8682 12860 16086 1284 4293 9257 13924 18438 9046 7847 7230 1542 11678 13963 4067 4761 11116 10578 8467 1603 3964 9150 3041 6470
3637 6855 2767 14147 12307 6370 1685 3359 2368 5311 5331 1864 5391 12052 14073 3830 18604 4597 5241 78 17659 6026 14256 10051 10220 12372
18181 14038 13686 19683 15230 15593 18672 16322 4967 15609 17437 12631 19250 12481 3653 12419 16295 1809 10410 18721 17586 6299 8955 5103 14450 19226
10108 17382 9517 9941 4132 14171 6710 10444 18637 14178 11575 16515 12159 10259 3002 6329 15743 3299 5520 2794 7669 14380 9980 18537 18359 9349
6834 11645 19921 17452 16626 16813 17429 420 8259 19807 14274 5503 17486 12121 6798 8478 19380 3334 9463 17812 14394 19180 1854 6552 13783 5530
11477 8649 13542 512 4236 8932 8103 3689 5100 481 355 12431 6747 11624 17320 13193 18344 18244 9910 14407 6591 3178 7739 10570 4531 16708
9238 14962 12750 2683 1534 7801 9780 7905 7003 4352 435 6379 13521 2334 15446 15523 10948 19383 13155 12758 12427 7263 19740 8042 10370 11487
3995 19579 4413 14402 19531 4808 9349 16819 6753 7718 8424 4579 6830 18075 1770 7182 1185 5442 3460 10250 1120 10865 14637 13451 10703 11409
10028 11458 17964 7417 11993 14372 14511 10376 3891 7907 14891 9970 984 9039 81 15749 10119 19609 3321 6473 12448 15605 5415 15877 16167 11611
615 14557 881 9484 17675 2533 10899 1447 17417 8688 2865 6211 12953 8888 9012 9103 11357 6102 9707 610 6515 11470 394 1520 5878 41
15120 5686 14639 15806 17804 4236 9932 6105 9867 13759 8322 15383 13403 848 15341 4995 7152 15642 8562 6622 4916 13105 16195 3527 8688 5967
12252 2024 3270 10907 18950 5208 5643 17389 11069 13854 18554 9904 5861 3908 3462 17743 13133 19548 4534 1062 6452 17186 15407 19804 12061 19953
17727 16626 3002 11850 18188 8310 5687 2576 8378 6824 5256 71 15705 10567 18481 3384 16909 1200 3563 14632 14254 6504 10519 10737 5134 11235
12557 7551 8689 3307 9017 6817 8909 16382 7987 6882 9670 1193 8048 4778 13780 3277 5603 18963 15552 6914 14102 16372 5446 11402 18331 11858
6034 5747 8668 6329 2498 1492 14255 16335 19013 13076 5145 15682 15943 16254 7001 9391 364 15352 1626 14137 14719 7667 5579 11105 15950 9354
16831 10799 10091 14512 8771 14564 12301 16938 14128 15817 7304 57 8334 7506 5096 6125 7378 15319 5278 1238 19911 3090 8724 18427 10013 10739
18924 9874 16456 19012 7192 1228 14318 2315 10708 15024 17451 1270 10654 18343 18896 4719 13717 7290 18663 15402 9843 16261 12150 14865 15654 11286
10837 12840 11183 16575 14382 2112 11306 10955 4747 11727 16019 6500 4155 3399 15734 10290 5287 2881 2375 1771 12706 1685 14373 15549 920 2963
17482 2002 7895 3615 6041 18249 17776 7649 7341 1677 1715 11133 17159 19189 15882 1978 4333 8646 8721 15949 2286 1309 12508 15274 460 4316
3507 3391 7481 10006 15241 19383 17736 18475 4870 6097 18365 12112 15593 4892 12385 12678 16682 11472 16562 16504 10152 7880 2157 1791 18261 16742
6240 14952 6133 14577 4730 7088 10750 13030 11011 19159 9909 6787 17216 15289 11181 1742 2503 11993 8762 5973 18826 16169 11002 15459 14209 7982
17418 1449 14899 3765 13937 102 18910 10377 10376 17242 10370 13822 8063 3460 5600 2779 7440 19638 12068 5983 7606 7135 3869 2103 804 19040
83 13599 1513 2072 3801 18560 8938 14421 8717 17726 11155 16797 1951 9582 19350 1493 15336 11331 12252 10181 17435 7632 2862 6452 16363 1379
2981 12694 13898 7607 17668 6297 158 8112 15037 3708 17338 16320 18313 17534 9895 10917 10172 13732 7021 8816 7659 4670 15283 7773 7400 14095
8874 9969 17782 6282 10635 6319 2902 14455 3616 15108 260 13137 19057 7101 129 17510 6783 11516 2562 6478 13189 14640 8930 9398 6904 824
5067 13404 4740 276 2234 11824 2488 15479 14639 14997 8757 8585 11409 17312 6068 4956 15779 10447 19412 15414 5992 15496 2710 1771 12051 5667
4220 12622 5269 1484 7071 19851 14921 6145 9929 7597 3640 15172 15809 3954 2499 16755 47 191 8727 4474 292 5260 18756 16800 18705 18991
11270 18835 2252 14677 10910 13413 3351 7283 6941 6382 11829 15269 2546 1169 7716 2924 15870 536 13755 18267 6819 2537 13460 19855 16856 12984
208 17099 15098 1121 18056 14395 8185 15846 1066 14666 11323 14273 7001 8335 3792 12309 9653 9835 9689 12863 2813 9706 11282 17280 11025 2174
17863 6812 16568 7827 6784 15920 11672 5369 11281 771 19297 2288 10492 10314 3385 12637 2357 19982 16523 17618 15020 4673 13553 9263 9956 17678
14918 8532 18831 3476 18231 19533 15312 1631 9842 8658 13919 5833 3554 7885 18938 2253 17798 10413 5011 9682 3974 14731 5946 5981 6560 8681
14397 16128 6217 11931 10135 18286 7020 13980 4599 6400 3854 18870 18552 5029 4999 8891 5973 13344 17690 4670 13953 18730 3735 12211 12285 917
3385 8009 8453 3849 6729 2800 4226 10062 8653 9790 17166 2328 11837 2818 17541 16668 7534 16319 7853 5057 3225 17004 5743 5395 6901 817
2369 12302 10295 8591 16040 2368 2244 10206 1414 13092 10958 7844 4363 12828 5884 6458 8741 1740 13392 17298 10946 5619 63 17205 6958 8644
4943 12651 14862 4275 5891 6445 15045 4055 5429 8350 11339 17672 1010 9408 4356 6578 3862 17519 11031 18724 18888 8351 16081 127 6378 8032
13646 10322 12413 817 745 15532 14970 18531 13274 14467 18860 18196 15066 6658 17540 18292 18322 1235 13037 4321 6286 13408 16461 16176 15586 7588
128 2766 16033 3898 17685 15132 8046 7705 1004 7550 19703 7623 18762 17859 5245 10025 10651 12893 2958 20 11529 1685 16742 8850 12395 8620
16659 10572 5469 1848 6539 16140 2777 11337 5225 7503 13478 2998 3590 2078 16690 8072 2955 9086 11523 17364 12598 10295 17128 6557 18647 9876
12410 16392 14582 18023 1429 8406 16182 3169 9777 19129 12220 10722 16104 2468 13904 6917 18220 15586 14049 9542 8377 5167 6742 18010 8928 4841
14210 19433 12503 9787 10996 5752 13343 9453 9755 4856 16258 9308 2440 18189 14466 7525 7517 11986 8476 14758 10609 17053 18811 19037 1506 16974
853 18942 16451 15019 19147 758 18224 2253 17199 16874 5322 6703 13434 14995 3377 5951 10444 19330 7027 17880 3719 19870 3460 4710 9097 11480
19303 18927 9858 4355 9215 6277 3282 5914 19229 19947 3995 9889 9469 2842 7560 3992 11718 7732 10772 1465 10607 11064 17913 10282 15605 2994
3242 16717 13658 7327 11708 1602 16394 17300 639 5355 2330 15382 17497 3143 7738 5526 3447 1698 4046 9119 6777 16840 8595 5940 11269 3838
5479 11423 6396 19164 12754 3834 10943 376 10603 15360 5828 8902 9985 13822 26 13987 10919 11279 6696 1895 9681 5704 834 18992 10445 9608
13666 3944 3530 10248 2424 13767 1632 14624 10743 12993 9984 1242 1958 2869 12320 1310 18648 10228 373 9564 11137 9526 2839 7382 17946 10646
18521 608 12609 18356 18681 10047 14734 3666 12007 16660 5063 10781 1118 11153 8049 16792 13371 14716 5144 18476 11955 10021 11363 9704 407 6369
1076 4672 15484 9290 3917 6801 4309 8159 437 172 12287 2206 10762 17482 19019 9901 8081 1197 2983 3173 11620 3446 17515 15134 12048 10593
17532 12616 18664 2934 1867 4957 15943 11142 5125 12380 11472 7720 14756 18993 4042 771 13234 16620 6174 8058 15356 14132 7698 2259 7081 15810
10343 9157 19728 919 1615 17175 4329 14240 9828 300 3734 15970 10711 13993 10240 10335 9804 4921 5906 832 14789 4881 16153 1025 19413 14033
5291 19455 19673 12842 4409 6890 13479 5240 17409 14283 14760 9294 3081 17339 6538 1154 11238 2103 18753 18115 18363 13349 10350 15724 12822 3198
2157 4896 2045 6159 621 9493 19886 16516 3385 15310 10062 12005 14133 3087 6437 412 18392 2301 7527 14219 10594 11443 19797 3975 9408 17366
12357 4176 6760 15146 2345 14174 14043 4124 6239 17343 11080 13143 12839 16143 2670 12453 4092 3071 4283 6895 2473 94 17632 5172 15131 288
13714 8275 17731 10744 124 12010 15449 2021 19253 19061 1929 15798 8352 13198 8563 683 4160 7058 14795 6788 7630 18260 1226 3305 3370 8448
19429 13011 1802 446 11590 6345 15426 8133 3495 1983 5491 16505 1264 11165 13888 11141 14422 14985 17785 10460 5171 18993 16885 3474 12499 701
731 4588 10312 12993 5775 10841 19383 4398 1884 11074 15871 3136 4011 15831 11536 2897 14332 1064 14253 15685 10725 12389 18026 5310 16576 5881
13615 6466 1948 7803 11233 5889 2279 4117 15499 11153 2384 5699 15767 9790 19181 3141 8664 569 4064 7742 8977 10032 14891 5629 10305 16418
7717 6632 10440 5024 13397 17935 1388 11123 13416 17983 12656 15672 10332 15162 1173 4622 13946 2190 19252 4449 15737 1949 4298 15204 6633 5691
5648 9765 3702 5433 1347 6756 2751 15965 570 3152 3119 8322 9021 1556 3617 16581 5915 2511 14255 6215 12649 15686 6607 12552 11451 6392
16828 8734 8752 3360 16103 4171 906 13494 876 19506 19459 3404 9741 7 14774 1045 2653 11267 19534 16404 13620 11038 4800 12940 8793 12624
7625 15021 5979 15833 8047 18812 9457 12096 15418 11990 2682 17409 16420 9773 19115 7321 4273 18191 9384 4198 14335 1336 16815 2279 5205 16743
12551 3319 5621 14455 13242 14010 11894 6260 8390 15455 355 10668 17061 13657 6016 19010 7722 7113 19729 16344 17178 4735 3492 15389 14360 19294
17291 17254 17371 7787 7527 15525 5961 15205 7719 13731 12324 8252 662 2651 578 4110 2978 387 19911 5467 5167 7694 15586 2080 8918 6413
1606 18156 6511 1963 1083 6 17417 19646 5381 18922 7910 15886 3234 14042 2418 15683 1865 2504 16125 17036 3266 11133 19566 2317 12582 16243
9696 4580 7289 16193 10670 1725 13541 11800 6305 17306 16035 19686 2378 5836 16314 3944 15828 11217 281 3093 16586 7362 18810 7823 9247 18115
16802 12320 8667 7154 7127 9813 8360 12600 5166 3001 12533 4546 5584 11444 4285 2336 17967 4254 5021 15575 17142 9333 19796 17002 12243 11943
13282 7311 6451 7144 16804 12639 10669 1248 2993 19224 4590 14900 17821 16146 17016 2974 13109 8529 14223 13160 3776 19244 10242 3920 15762 18067
13923 6899 6696 17270 6150 1743 18849 6725 1602 12525 1893 461 1067 12589 123 8085 5104 4422 1086 2408 8390 19610 8490 5392 6045 14028
8023 11923 7431 4409 11190 7800 4341 16441 5040 15121 15740 1342 6289 11486 12047 18969 1101 12747 13004 4636 15787 18762 16530 15687 1295 14910
8261 2195 5417 1798 13416 173 6949 16296 19990 1414 19693 5242 14437 712 12163 19345 17456 5796 4492 7267 17155 17863 4949 4201 11415 1867
4659 14060 19105 13597 5482 5029 5630 5536 10662 12736 19983 19429 10986 3692 14365 3253 15263 8022 15696 2695 1232 11355 3856 16191 12600 1852
12495 5702 1944 18286 7438 12792 4595 12861 16262 19093 14212 12406 8736 5929 11788 1801 12833 6883 3028 3163 3211 13914 1851 6547 4992 4627
14664 14545 10168 1285 11676 9599 11913 11259 9296 6447 15965 16117 17169 10776 8313 14782 15998 16236 13171 537 6546 9133 4769 16458 16348 18772
7362 16726 4838 1528 12595 12222 2161 18372 13287 7671 15263 15187 19898 13859 14494 15973 4437 16234 13381 7489 17394 17446 6086 5340 8109 10867
3439 12000 15248 9230 777 5646 246 5219 14546 381 14537 13205 1574 16325 4475 8043 1758 10117 11279 18528 16532 4564 17015 10345 10983 11388
14971 10355 6091 4139 6855 5741 19822 6639 12605 17228 2844 640 15682 1738 16854 7181 8290 5332 2259 4236 2973 17064 8633 2684 5408 3673
13679 16308 13563 44 18382 12289 2534 16403 15366 7389 7047 8780 13775 19586 8801 19685 10379 2670 18614 16949 7833 8068 242 9278 10308 7884
15386 8235 18839 4698 8903 3629 13925 8217 7758 2343 16433 2427 10967 12097 3725 4970 3102 17710 1557 9550 6330 11607 14101 1307 18640 16442
12633 1088 7071 6848 18071 3776 13732 16246 13534 6923 10318 5183 9648 17695 11756 5769 2220 17643 1024 9255 10558 7651 9208 11027 17067 5168
17965 13940 9340 16029 17277 13714 12084 4812 19654 8939 16293 15013 576 17854 5827 6103 10915 6153 3 627 16376 9023 18868 2735 6566 3213
13010 11161 2577 7106 13616 4361 8628 7602 19603 18034 3261 2668 17526 5627 11112 6709 11679 4404 3 18845 17566 8321 18143 2303 12686 5832
7076 19177 2091 1044 5005 18398 8947 11652 5742 16084 5891 436 16157 13549 17178 14317 5711 3053 6695 18568 10501 17707 12570 10727 7982 3387
1122 17561 19323 5204 12732 12096 12179 15633 5795 12786 12341 11579 1963 9690 2228 16014 6776 2283 10599 12489 3085 2166 15804 19573 14661 5446
8862 5167 3576 14857 12882 9854 11636 12180 12745 18808 7578 7265 13528 13760 14519 19270 6456 6396 8874 8069 9319 3419 17475 18363 1880 1626
10636 19801 19376 11868 17061 1477 14906 9416 15922 10580 19978 3989 4441 9526 918 17545 19241 5254 6627 16278 19002 8516 6002 19522 19924 11030
8412 13583 19905 17440 17846 16767 2940 5578 2258 3863 7929 1977 14857 18538 456 11602 5072 16104 14602 11249 12092 7717 17766 11080 19817 17937
12175 3592 17462 11870 9988 2545 5670 12392 2760 5034 15228 2248 1291 7418 19066 15597 5118 12277 15454 19961 17084 7436 15208 16256 16419 7321
15655 10188 14634 2722 1098 10476 19066 17775 15577 17730 19403 18466 16910 13718 11878 17709 5376 14999 15020 19738 6885 1953 5510 8587 19007 535
12581 1579 6589 2793 2917 15939 9527 16352 19360 182 12357 14216 4771 2177 6340 5398 14132 15961 1324 10795 809 12457 6825 2991 4555 2006
8263 13136 13959 10611 19381 15729 19116 2996 5974 15729 2513 8056 3625 313 17265 3325 2873 18618 19056 17497 17864 18966 1677 891 8007 9210
6055 12087 14862 11503 2329 15390 9072 14871 18687 13124 1539 13501 13368 3503 19193 18369 11218 9643 6927 706 18408 7126 8203 3944 2738 10037
14438 14857 7123 14956 19876 15277 18378 4989 13498 15377 6204 17439 19148 4345 8312 11469 12921 4320 17158 7491 8793 6813 12190 2485 16714 4829
11040 1585 13578 1682 1766 1850 3468 13509 10323 3095 6808 24 71 6269 839 16042 15008 5648 14437 7479 18251 6603 16489 8655 12188 7249
18938 13781 7771 9796 9861 15406 16494 8197 2458 9287 11165 1778 19496 6928 13026 14140 3182 7727 8514 17165 2899 12757 5708 1908 15061 893
9360 5848 14358 10905 16514 8142 18405 10601 16023 15090 1708 8659 2814 11063 9746 10288 1551 4768 4408 1242 9841 5107 2600 4293 2415 9524
13695 16658 7006 18833 9569 16356 5284 19251 19092 13957 17540 9166 16975 15961 7654 1151 4207 3004 12357 11822 13879 18464 4887 19909 6350 3921
1970 18719 2093 13180 4231 1114 8013 18025 12177 11367 7939 7192 3765 12096 19964 16809 13228 15659 14985 1640 4023 10257 15087 17731 3923 16721
14541 10569 5690 5626 5520 9659 9259 10627 8115 15092 12795 2708 2093 12558 14862 10152 17336 2164 10525 1624 767 17878 18900 14537 8085 12152
14130 8315 7776 13471 11046 12313 15301 5753 6026 12582 12940 18426 7598 6552 413 479 3680 4130 11631 12679 11792 15351 12983 2063 16461 19476
6863 455 10846 5796 15057 9685 9116 17637 507 10743 4540 13800 13380 18833 4229 16137 5131 4658 19641 16259 13953 15307 17683 15346 9801 7769
9960 6290 4328 5062 19872 4875 10146 15722 16920 12242 14029 164 9495 978 760 14997 7910 4783 2148 16834 6047 18442 14820 6892 16235 14825
8110 10734 14378 7797 16613 12483 15044 7771 19457 810 11928 4896 8348 512 7378 12046 1198 2337 11534 848 1725 3833 2846 13940 4423 19419
9739 18845 16348 14044 5714 659 6590 13944 15160 17365 6203 15780 12471 6164 5760 1236 344 2946 161 7622 2962 6622 16901 5432 731 17152
8338 1778 1087 15405 811 2481 6054 7280 11068 15029 168 7188 14825 13214 5244 5735 3860 5777 3414 660 5808 2515 13432 11282 2141 10068
49 11419 5195 14041 17020 15777 13493 16219 5863 6510 4476 6434 1090 12649 928 9674 17743 11606 1760 17497 14045 7023 6799 18483 413 18288
6747 12871 13057 2630 4763 12961 11914 3482 4877 11054 15419 3327 1494 11090 2791 1787 1181 9715 13634 11838 6423 12168 5970 11626 19764 9719
14232 10010 866 16860 8530 14874 4887 3131 7076 7660 5519 4885 6446 17350 14937 3732 2045 15551 3548 2447 16682 7926 8325 1885 10415 19012
11090 1762 5563 19440 5069 6707 5551 3798 4612 2702 17704 15887 13465 232 15587 6260 723 14272 9985 19507 4212 6178 18948 19480 7341 9312
6821 3950 16527 1002 15947 10923 5551 15010 19335 2539 2942 9226 16219 10788 2168 7586 11067 13836 1511 3096 6895 10054 7642 7510 8496 10076
9704 19491 18022 16475 13439 11392 17662 17258 2254 2192 16621 18756 1935 6719 12091 18769 17109 18725 8600 13779 19486 19070 13786 10469 6547 2911
1607 5879 6156 16282 7483 8153 5270 14755 5819 10690 198 549 3953 5490 18851 5685 11986 216 14605 6306 19243 3328 6318 16362 4771 19961
8572 7463 16524 15467 18632 12816 7995 16472 8648 8699 19127 8226 12781 14696 17886 2884 12256 2047 9188 13234 586 11254 19501 12058 1161 2263
9467 9909 16273 7699 11865 9348 10800 16778 15835 95 2956 9923 4270 1815 1846 17804 10078 9786 17779 5371 11946 9588 10019 154 2679 4046
2019 1487 7637 17581 1738 14301 7819 6477 17619 13746 16600 3843 3043 15845 11939 12353 11428 4799 17876 1507 9904 11794 13766 10511 2882 13279
15821 13755 10826 9320 11277 12839 356 2408 3451 2226 2055 11845 16170 8829 12853 1828 14350 19749 11028 15509 14248 2464 14058 18837 8349 6485
17007 17466 15655 18305 257 10959 17883 18563 18246 7263 10446 17053 1811 8303 4797 16386 1506 7232 12473 11504 16776 2716 2579 11004 15857 8870
19561 9078 8638 16690 7016 8716 1265 157 10909 4501 6928 14455 14503 5477 292 8014 9377 4618 2272 9732 8649 15752 18674 421 18932 6077
9619 3338 18386 9802 14946 572 5561 7466 4679 4420 6516 5859 12699 11480 3387 17308 15165 6254 14758 13235 6492 12026 18557 4004 4014 19451
17107 4398 2171 3432 7202 7105 11397 7007 1135 5325 13699 11781 19135 5048 414 14668 9816 2564 3069 7628 14656 4416 7104 6385 16241 52
15105 8701 1412 17867 18881 11388 16680 10607 16054 18252 4984 4286 16409 7801 18545 11060 5258 5244 15204 2581 6051 5618 8383 1791 112 19559
14749 6194 10863 12399 12846 3195 5432 17044 14824 18396 3178 1287 19446 11343 8867 15696 16383 3733 10194 10060 3234 18614 18318 13109 5930 18042
1090 1309 9374 3311 12887 19865 3859 12005 15269 8714 16912 8147 10777 6123 13366 1250 14287 5033 17164 15366 18340 17130 19419 2637 5664 4106
17262 4687 19832 3503 13226 1417 17106 15815 7912 4525 19203 1367 3060 1122 3938 18873 19337 1474 16626 10990 17438 17284 18078 14908 3726 9536
17431 19092 7919 5693 10406 2575 7440 19055 2560 959 665 14008 2206 19721 19292 17942 14457 12827 2812 4347 1893 2655 5998 14597 3604 13090
10520 19018 7994 13793 11978 6530 63 18376 18477 8642 303 10219 5786 10255 13737 17980 18212 15907 10161 19924 8574 12442 8369 4316 2970 8738
17024 6847 3088 15350 7506 15622 19354 16204 6746 14706 17245 18900 6812 15230 3565 12470 19590 14993 16242 7999 349 4177 8946 8076 492 4451
2002 12056 19399 12244 16234 12677 19829 9114 9996 10818 4569 17296 11092 10011 11080 13418 19464 10646 15190 5759 1178 7268 6588 18544 15794 15777
3212 17413 18155 1850 11531 11277 2433 18560 6782 6286 90 13340 18338 17834 9712 11060 19530 11057 2634 2777 18309 12639 7243 16528 18089 11800
6552 3259 8418 11039 9408 15449 9256 7683 19540 18935 13516 1439 12672 8192 8498 5281 18764 18779 14259 16780 7482 3607 5677 13001 16835 16052
19363 15624 15816 14852 8070 18763 8851 9472 16009 7501 19221 5431 8135 18934 8905 5155 2720 2691 2935 9372 19747 8349 18746 5736 13506 14907
247 5647 6451 10722 1654 11384 330 6977 19219 5959 11305 18260 7587 6581 15745 19610 18267 18621 11793 10298 10235 16978 5198 2227 19473 5784
4976 6947 11254 9960 10640 16889 12466 12143 10833 19535 7097 15003 17036 11502 9405 15842 9996 16090 4402 12907 1517 14909 9022 16079 6464 6338
18472 12727 6847 1258 15852 1377 8924 18254 2522 16507 8614 9724 15424 7209 16735 5522 15141 10744 12106 13825 8033 1558 12655 8872 15517 16706
14439 107 14861 7300 17410 4517 2976 14545 8153 19206 2616 3505 7903 8307 3888 9829 10456 8158 13745 6254 6248 2292 10052 1725 8345 10390
13043 3479 14267 11290 10486 12606 8214 10324 1926 593 17559 12185 3998 18214 17275 10626 1813 5243 14996 499 13641 2167 14255 18413 6616 12404
12798 10896 18035 5281 628 11870 12461 14345 7197 3433 14100 10979 11903 15252 9209 16844 806 4094 13370 12486 17581 11518 14249 10223 17345 534
4221 12562 3530 15068 18064 7701 17735 17775 11064 10921 1526 3858 11959 18917 18237 3964 4974 7129 4144 18564 11739 19864 9245 1154 9505 1906
6704 10502 17275 516 6875 12380 19700 14940 17121 2946 17591 150 2230 7491 1171 15999 9652 224 9155 9914 8001 6847 4051 8712 5146 17904
19094 11131 12444 10621 5695 9017 15400 12173 12487 13188 10689 4321 15158 7939 640 7963 5496 2673 14655 7275 6566 14092 8928 11018 16595 19944
2181 3885 9779 9578 16147 4420 17542 18169 5418 5940 16182 9572 2380 17069 2178 19817 16534 9512 10709 5975 12100 7884 7777 17558 3778 9810
3513 9814 7752 18885 11053 14687 10226 18406 17396 6868 5797 11266 3249 5101 6281 9079 10923 6727 1521 7965 11149 8925 12680 14599 8822 4561
17039 19104 10987 11089 1060 10760 15632 10315 12697 2484 5006 4045 2189 17711 4576 16548 13354 6877 4708 6577 15579 7915 11282 14886 19986 16440
906 19371 6742 7731 8907 5969 17475 1818 18209 18953 6665 5079 14281 19127 15234 10645 4242 16352 17499 3050 15822 10284 16085 19636 16935 12420
12289 14716 9409 9166 18205 7987 1964 12989 2737 15349 11116 18247 3152 8852 1980 1459 7387 19061 9149 10456 19928 11330 38 15322 8403 14350
18177 13128 14456 12761 19709 7467 17773 9283 16300 15289 15723 6095 5740 12889 9204 4646 6504 8378 1122 14310 5107 10611 18895 11582 1873 7710
11196 19571 5295 3115 4740 10795 890 7264 18027 4802 16038 11594 13099 9390 6061 13574 16492 14516 14112 3738 19505 8483 13169 9599 8500 2095
11170 14958 16490 15397 9565 18842 6344 12482 10362 10952 13297 5843 18921 14244 11460 17618 3137 19541 11262 14327 5245 1427 664 11170 19483 12923
6789 7236 5678 13793 18610 8792 7808 16775 4013 3450 17007 16686 5084 3756 18148 16205 65 18327 9791 8343 3187 5628 18449 16269 18925 14055
14201 11764 256 13858 3476 500 7635 5317 10569 15879 14046 9942 6132 13621 913 18004 6064 18655 6074 1366 2914 3209 10472 7083 8961 18517
11222 7408 16175 7362 7438 13315 10004 293 13663 14909 2153 4147 9230 15001 12632 14329 11143 5750 17879 10781 11893 10100 5542 13308 1333 5469
11181 3087 13114 13330 18841 2465 4165 6456 10359 12637 16670 17896 15972 10599 17891 1115 10222 14636 15025 15892 5462 16704 2351 2148 106 1005
10015 14854 4548 19860 13169 10905 4196 12482 462 16694 19480 4792 4183 7426 11349 16047 6298 17814 4861 3002 16587 693 9294 590 696 19070
1566 13417 17241 13925 4864 16256 8837 16502 2934 786 4848 4389 10463 2734 6290 18089 5139 190 7283 9314 9483 12983 10125 6150 7577 11028
12093 9915 12817 12965 2352 6216 7164 9675 3443 13544 18762 4206 4243 19131 9035 10609 142 6389 1324 18001 14895 5957 9506 8306 12240 8802
6783 15625 3886 10094 17624 16690 7869 4728 2533 17575 11807 10337 12902 3016 3392 10652 12580 10964 2488 9641 7206 15559 2957 18920 16318 5186
15807 11832 13716 4820 4701 3324 12920 19985 11016 13553 17146 18508 2802 668 14566 203 6369 15975 19121 8890 17330 6377 15796 11753 17543 19863
2465 6766 8874 12046 14637 16559 14229 6484 18819 14721 7989 1011 10995 3343 15176 13900 17396 1364 2979 18630 1593 10879 8445 13247 1186 1905
2685 8495 17474 12026 9970 11195 3578 16288 16103 5596 13945 18184 19680 11738 13464 12004 5148 2884 10439 2313 6761 17245 6099 14346 4847 4463
3955 5613 17875 10255 15149 14145 148 4002 15057 11607 118 9979 15684 10531 13519 11293 14665 12424 7854 11162 10047 16831 7812 14851 18076 1920
8740 6923 3011 2345 2186 18968 716 5681 1102 11996 1304 7393 4842 3807 5122 9641 12928 14349 7132 16873 13548 11938 16962 13861 3269 2712
11529 437 19661 18450 12549 4316 17240 14497 6239 6044 14144 17656 7262 6445 9259 3963 16937 13228 14574 14643 963 546 7076 16160 2885 14112
18628 13148 14783 989 10632 19756 18280 15866 915 4535 306 5619 6460 15289 8138 13665 17863 14109 8627 4500 5674 2003 5392 1006 3192 2112
13930 7473 18754 8718 4801 10686 11690 4563 6899 11089 2808 3725 4218 7990 797 14272 8079 9166 13201 13924 9856 11335 19613 10096 9932 16824
7698 3904 6417 9087 19099 6960 14083 3752 6029 1909 16261 6622 5147 18750 3905 4963 17891 11258 9448 9957 8434 5190 4126 19401 16807 19571
8947 7291 15519 12046 888 14346 9099 8720 18987 13277 6932 8899 10292 18457 14856 10879 5815 18013 17135 5107 1395 6336 13475 13650 10734 5543
10348 14105 12797 4094 11007 8319 1808 3649 19940 8809 15035 12699 4684 19989 18432 6400 18705 13638 18445 5426 17143 81 1967 5492 9467 19481
18253 1972 8035 5832 14439 14431 12970 2976 5808 5867 15404 305 9293 2557 10340 13881 14617 16424 17696 6854 5167 8917 11676 17239 6025 15964
1725 12781 18663 11742 392 11435 726 47 10966 16653 1639 12723 2849 11298 7359 7135 7083 346 11190 9747 6187 10620 9365 13367 1141 8598
11151 11775 12704 16926 2474 19042 16467 6158 13182 15784 16930 1933 12841 4496 18911 2193 8035 19826 1136 4496 6488 12852 3410 554 10320 6171
12601 17590 17605 6641 12508 10403 18518 10261 7256 69 10473 5059 15823 10411 15783 1447 4417 9497 1437 2917 12851 13871 17600 2273 16188 1033
7121 490 16796 7560 16337 6637 16195 2017 16986 15591 8619 8490 7328 6320 19285 2875 13179 13935 3655 16943 218 12626 492 754 7696 19814
2275 9793 15298 15807 8970 9754 17519 14382 6641 18431 17613 2694 9069 10096 19472 5304 2384 1430 5945 12784 15919 9106 7603 6989 16198 8469
7919 653 15616 2365 17564 11956 14480 7870 2077 12591 12611 13192 19316 10414 7902 7730 16621 15013 9252 14279 15920 8048 12664 1877 14021 5274
1449 8939 10145 19655 3062 5608 2074 14961 9797 15017 13788 17184 3081 6948 19666 3866 17536 11018 1382 3600 10913 5569 15733 3980 13052 16116
15104 10248 18249 10437 10839 9324 9698 17124 7151 12167 2486 17229 465 1884 12650 6307 8423 6893 11638 16593 10312 17987 13128 11588 1979 8055
424 7896 14260 15060 4838 10687 14048 15998 9550 10572 5428 15133 4551 11580 17873 16771 13943 5630 4613 2028 1417 16273 1789 1857 667 417
16895 18810 5142 11030 3761 739 14509 16929 5492 1675 6013 19098 15418 17739 3744 4732 15820 61 15122 4330 10027 8599 13572 15123 18149 13980
5337 15200 1508 13330 17859 6752 15770 6504 16281 15390 7069 3999 8849 10998 6581 12288 742 1896 695 7154 13116 19726 3024 2345 11336 9355
18014 4040 4945 18395 14840 7073 13260 13529 15877 11980 5918 6175 17894 17158 7546 12599 17153 2122 9632 16530 4371 6528 4871 973 16735 2372
4714 15960 19537 9951 721 3893 3597 8436 19758 16968 5584 17650 12515 6121 7405 12959 547 18592 9150 7108 15581 3848 10658 19869 1723 11519
17776 5656 9760 11660 17296 17127 718 4981 3618 1664 19035 13341 9531 15924 8329 11519 6336 6742 4859 516 15997 19433 865 1737 17638 2995
17335 6707 13961 3736 15977 6895 9711 3407 16123 18222 7601 14183 9244 4063 17928 6737 13160 14367 14866 10806 9683 8702 709 11894 10662 5313
18523 19611 13724 15424 15403 7294 18073 9141 11421 12693 5182 3828 9156 14539 5741 10010 6793 8604 4046 9222 11606 825 11967 13399 407 6892
15903 11110 15907 12700 6473 11609 14885 13062 7777 9468 8088 2024 14993 11305 16383 6048 13411 1984 17677 1529 14096 11873 662 13092 17453 12745
14729 14383 17603 15236 5720 13981 15704 3696 5911 17918 18898 15285 2021 5595 6193 7177 8793 19457 17106 3044 7275 11614 4540 12344 4988 16997
1749 19409 13122 12121 11016 10828 3517 2267 16902 7841 3269 17253 4988 11415 52 4431 6020 17865 3751 18872 8988 7228 10039 6493 12301 19114
9314 5083 6549 6436 11678 3784 13775 17182 11260 180 1713 15891 14138 8129 800 14397 7983 11428 9913 12550 2800 15867 10688 15465 1196 14742
16492 16875 11727 18565 14146 2405 11347 16775 1961 15437 10468 11853 16278 17891 14948 3712 16108 3831 13843 13331 16257 19622 7940 7510 4072 13181
14282 16734 15765 14245 4743 19699 109 19921 5704 2043 1012 17001 9836 14154 1284 17287 9025 17995 5514 9994 13840 11072 14547 4455 18004 11387
1071 8438 19775 7865 4587 3939 11454 18192 6505 15092 16882 5020 1838 2844 6569 4055 5221 6693 6687 6507 8704 17448 18750 17470 7025 14436
12055 19484 12537 3379 15147 15635 15873 17966 17621 2547 19462 17679 5602 9720 4449 13929 5459 7530 4533 7261 2419 6881 13530 4776 14162 12194
12462 17297 17884 17926 10539 16269 8322 1634 13698 2868 8644 14924 18730 15397 6741 7184 2814 5783 2477 1788 12628 7299 16917 13375 8641 9950
7289 1886 15327 5080 4727 5554 16949 4151 5584 7044 11664 16117 4405 2999 6942 2793 2491 711 13429 13712 11929 4222 836 19423 16704 18808
16967 6223 18017 10234 3710 4125 18896 12599 1704 15368 17678 13841 6066 12387 8269 4406 10287 7868 5723 3717 8091 18851 11066 19879 13263 17131
1698 17217 943 3050 2724 1328 16471 19142 8445 19432 11664 5230 13875 6563 14320 1616 4905 14956 4475 5365 10270 485 2618 19521 889 431
17014 18034 17491 3488 18622 14541 16269 3663 8803 6734 2901 3636 2366 19379 15641 16190 2824 1088 9529 507 11602 5672 9796 16592 10982 17030
15383 3136 8708 5304 10307 10987 14332 5698 14814 7847 14255 2258 19287 16255 217 13375 7532 2120 4179 5714 13891 10566 19714 13896 19208 14689
17413 12008 5500 2937 1722 4498 13674 7302 8529 5112 2303 15225 13471 6990 8738 532 10406 3280 11530 19287 7488 129 5916 17613 6460 16773
2031 3739 10937 16489 10431 6358 15993 15024 17404 130 13222 3076 6981 17242 980 1556 14014 10605 15289 628 9161 12899 3321 3020 8977 12352
13823 16332 17587 19608 6987 15616 11471 3773 6017 3848 12857 16924 16723 14788 14602 13525 6201 5197 4646 4252 18470 2609 10870 4514 6952 4234
2966 7238 1253 17878 8676 12098 4326 8775 9396 9698 1426 13334 3569 4439 13036 11290 5144 19534 14555 14133 693 9765 2091 15082 2839 9597
8602 16012 7160 9704 424 2747 8963 17111 13032 19258 18775 1117 13930 4356 7836 17595 9035 17952 13553 9881 1326 2257 10267 15318 7606 8168
18772 3632 1508 3031 15685 15269 17430 1971 5567 13441 14012 16448 14133 7141 4063 6430 7779 16970 6486 256 5883 3018 11568 14660 1807 3630
17398 2823 3018 12544 14995 19838 5235 5655 30 8320 3772 18940 3905 14360 6220 14232 16788 2213 14579 7103 15607 8166 17839 11107 13403 7421
14984 17589 9211 9284 16365 1341 16485 9949 14286 4005 13591 14460 19306 16626 17773 859 13344 5064 6224 18137 1682 24 11405 12176 2980 14265
10295 11903 7324 14063 7928 15427 6123 16425 8244 3074 13784 8681 25 8107 6165 1881 18071 10899 4321 14509 1948 11117 11082 13724 15293 16614
12345 13339 7654 9569 6544 14347 13106 3262 15990 10511 1224 19072 14323 15839 19628 19628 1298 1350 9791 7807 12956 11590 7049 8071 8307 13659
4315 11626 9745 14066 2273 5051 6851 2276 10334 13300 7478 7802 12746 7913 18709 7209 8357 8585 17611 6494 9653 4608 19411 11120 10719 9435
1199 10476 13413 11675 9214 7061 17251 17711 17304 12168 14093 15672 6883 16596 16102 14686 8711 5554 16099 1331 2601 6755 10784 5120 11660 14181
6437 11846 9221 16224 822 17330 19964 18826 9458 1053 5026 11750 7776 15315 2709 9089 15214 9625 4156 9053 11736 8606 19745 18230 86 9145
19861 11388 1047 1104 19711 17686 15244 13014 370 7145 10716 19637 9452 19031 7206 12492 13187 18130 15063 15223 8558 9548 13426 14995 9884 13336
6956 1823 6073 1676 12727 4422 15053 4528 6421 4411 9881 11314 4404 10401 1393 11305 15235 16281 1122 8973 13553 15834 3365 14636 19680 5735
6344 1589 14712 1870 17501 12997 13447 5090 19965 6386 6400 11277 11515 14335 9378 5768 1144 18498 6944 13583 13029 10323 1542 16004 1508 10616
15719 17623 16217 17037 1278 15806 1611 19583 12147 8737 15207 45 15553 15464 3431 13987 19340 18644 10153 12308 13913 13070 1119 10622 12285 16452
6802 12618 8437 7642 13206 12477 15504 4548 5794 6607 11539 1697 3167 14193 5422 870 10550 13888 8160 19483 5554 10523 16406 15939 377 15172
16835 2508 15650 1329 66 17421 8549 9962 6024 6168 19509 4599 4030 17055 18730 4369 4972 12206 17270 397 7434 15339 15975 678 5509 4584
6263 35 18720 2819 11629 3471 893 12704 1422 16021 2660 18551 358 7549 5832 3774 15388 8644 11440 9813 4223 18271 16500 7267 18296 8811
16553 17640 2997 1939 16186 2464 12313 12275 13136 11061 16875 7670 137 2106 7856 10156 11484 9694 11541 11059 7784 4504 19113 19971 14563 15388
275 2664 1907 7942 2084 19773 18047 2908 597 7583 4710 12469 14769 6966 17506 7793 941 18041 14776 4461 4344 11960 8220 2938 9858 16612
16167 1985 13936 6752 5219 10262 15603 19156 12694 13214 16951 10432 1799 8917 1114 1397 19094 1623 947 8387 9318 7282 15575 1259 4330 3588
1644 2039 612 13749 7803 14417 13481 7980 15398 14200 4144 19863 16615 7919 13895 17860 9327 12748 615 2616 18078 14224 3925 19426 5193 605
12768 7697 6230 4591 3524 15570 17191 5925 2087 13504 1923 15499 11933 6397 4508 7618 4847 4390 17284 14116 2813 8011 5997 5076 10383 10633
5316 4209 705 15706 13996 4682 683 7260 17482 10891 16198 15741 8638 7926 1694 7359 12105 3034 3322 3808 18949 19166 10383 1485 11235 16796
18334 5022 8826 5816 4930 11825 10151 733 15481 4160 18140 5952 570 18196 14227 7782 12642 8355 831 13096 12752 4983 2144 17949 18910 17397
18762 16972 11895 7810 17659 921 9454 19579 15272 19978 9342 1622 10989 12644 3677 11183 188 12217 11921 8631 78 17894 7533 6299 13989 11982
18638 4067 5981 147 5237 2320 12380 11685 4958 15698 14150 3877 11947 9749 10958 3252 18253 16289 12496 3289 5578 12179 886 13829 4424 264
9484 10090 19668 17089 16588 11520 19059 6579 18307 10177 18429 18245 3308 2284 5406 5120 1737 7661 12564 18968 1545 19890 17016 10618 15263 17739
13867 17265 16998 11605 17719 5922 14244 1819 15689 16265 6332 14455 2661 19063 5797 14705 17739 594 10357 10930 19506 339 6727 1190 16158 17850
14311 7580 17959 3554 7584 10002 9612 12154 3112 16377 3222 15045 17444 14547 3846 8547 18267 8288 17735 1716 3892 3380 11205 14523 6983 7176
5188 7433 8747 14748 10101 6010 16943 17913 438 11912 4187 13794 10411 18510 12872 372 4774 13292 8870 2848 7193 2391 16972 5795 12491 19303
1837 8669 14811 18358 12341 11376 8192 1500 2271 14988 9661 2235 116 3742 2562 6742 841 17710 16849 873 14408 17698 15450 18070 17961 4090
4481 6146 12810 4338 5662 16277 7235 914 17193 11372 8334 11133 10079 6012 19328 4296 9598 14460 14583 2170 2202 8769 7311 4622 19261 780
7211 4066 10672 7260 17187 19353 2081 18340 1633 17900 15731 5405 18483 5251 9538 12959 12587 16101 6070 16377 19065 5815 6571 10280 11538 16406
4002 547 2560 15589 3029 19536 13349 2989 18907 10488 5308 6660 3013 5500 7515 15152 13886 7022 8648 2283 14807 8097 9034 6894 4265 18367
9781 392 13210 8297 11545 7428 14678 17356 9252 13215 10129 17474 18809 15939 18901 16278 4278 10848 10856 175 17335 16787 4203 11305 3236 17655
13422 17495 11922 2240 19561 16177 8942 2124 10541 4789 4853 5228 9335 6371 16419 6934 1869 6715 13542 14865 10534 14182 12290 13410 11700 7116
18297 5598 16501 13877 14838 15200 12441 19953 12430 2014 15169 16885 11179 5801 5782 9615 12590 5272 10849 6327 10215 19132 6911 12459 17590 18067
11974 4578 6042 13493 17798 13905 6514 375 19504 12593 3814 5633 16957 13556 2202 6818 16057 7105 18928 19043 14840 13524 2681 16742 1138 7015
4382 5260 2571 17608 8132 19579 9129 10962 6097 15254 3269 2531 11049 4556 15080 11437 18187 786 728 12091 11595 2197 14578 19248 9764 18582
17104 8875 14086 4502 4187 10523 6308 4418 17167 10985 2998 16116 15788 17209 1169 5850 19156 13103 9837 17487 12435 6543 9718 3507 2297 9289
17645 17184 19362 3621 9869 16164 18614 19379 7174 5877 17262 15445 18609 15346 19326 8607 11617 400 16521 17650 11861 13269 6860 86 14920 983
6017 2461 3177 15248 10381 2801 12653 6072 7344 9151 8231 8552 3306 17355 6172 7049 939 18905 19527 10924 2881 19112 10557 18537 4903 13954
6975 10995 3586 12607 3532 3868 12175 6097 16546 17470 18982 10066 11264 11795 9049 8975 18896 5185 14741 4670 13287 11672 19059 15130 14269 17647
19987 6964 1110 1068 6377 8472 6634 8712 1527 1697 958 12361 7099 189 8449 13328 18548 49 2240 19776 10131 2478 10530 9871 2943 10121
9433 3533 11455 14961 1391 9829 13320 11731 18591 17841 16022 3866 12508 14533 3449 18794 9486 6543 18586 18331 578 5252 13627 16805 4122 9552
13097 17603 4084 3107 5156 5405 10831 13886 2850 4483 87 7885 15821 18880 3454 16692 781 15928 6662 13138 1756 5434 15402 6840 12473 200
18134 6683 3520 18938 7891 3759 9640 12540 19485 14562 7397 5364 7689 5861 3059 9351 16259 17667 14040 16788 6665 5960 17632 14839 5993 17261
5662 9639 5402 17690 9676 19693 10190 4594 19016 18026 18051 16402 16111 3412 11552 3895 11444 3910 6955 19264 13866 103 2162 3713 14330 14259
3250 15027 6019 8721 8791 5367 1028 13280 10612 19748 14585 6282 10956 2588 19275 9276 4706 2310 10167 13699 12377 10045 8965 15593 16773 19384
9868 9778 13781 9396 305 15460 13468 3209 17785 13809 1200 2652 7374 3671 19610 18343 19370 11123 6847 6206 2851 13510 5387 5928 18191 6561
8496 546 19240 4845 13654 13777 17480 4327 5550 14882 4551 2148 17215 7420 19355 348 10733 13126 3685 12861 15404 16713 4898 386 1572 6563
17695 17845 6058 2095 15561 1647 16540 12128 33 11241 4398 14196 6481 13624 15879 16966 16550 9035 13370 130 5048 6885 9511 7355 851 3359
367 1666 12368 1910 19678 14753 6811 10982 11677 3482 8862 16614 3599 6617 1323 8529 11812 8358 3376 10781 11943 11522 11923 6082 13139 4531
9377 14097 19018 2072 16868 7467 13131 8875 6404 19370 2726 16107 19474 3105 17198 4091 11197 3637 16197 15258 7848 4219 7679 10416 14677 11420
16135 1029 19678 12352 17699 6449 19854 1721 9459 19468 13036 3246 15098 6290 6836 19137 17384 1994 7889 14652 2540 7523 14078 17679 9336 732
18268 15879 9183 14603 10834 384 17666 8648 17991 4846 12953 16510 11516 10536 2971 15046 9983 9922 18966 7140 13690 2694 15168 5542 7066 4785
19385 10301 16509 9895 12110 3934 14700 13004 6963 847 6642 357 12719 4481 8980 10778 3984 3757 6484 11949 13765 18552 14608 13713 15058 14190
2980 8052 14567 4789 19031 8105 3877 10742 4435 12369 4159 7254 16756 7311 15428 3409 2155 7583 14367 13910 8689 18675 13305 2107 1021 12733
8740 14935 2840 47 3957 1062 10097 1240 5546 4928 3637 16585 1868 13692 14852 9110 2436 809 7955 12153 19114 15046 8856 7225 6883 6812
2338 8874 9792 398 10646 8996 6566 12842 12992 8218 186 5198 2676 15112 16931 11070 1196 5890 15993 11627 18325 7092 8582 4757 8892 5330
8028 10830 2354 16797 3988 381 1791 7256 13590 14989 8380 16668 11684 8629 13636 345 18037 17217 15832 18503 15350 4841 12606 12501 3537 8791
18495 12716 7539 17512 10668 17271 19880 2031 7221 8967 17022 17931 3841 2941 15140 6830 4485 16173 19994 15475 4272 5739 3849 11398 1416 4121
9040 11869 97 7578 16510 19967 2566 13163 860 13903 8446 391 2400 10774 19336 13315 3695 6616 2149 1916 8418 4215 4867 2987 5904 18583
4169 6133 11042 14776 1696 18105 529 7839 12683 9728 17796 10801 6063 16052 9337 6642 6302 18624 2489 7914 8406 4391 2522 9564 17407 14485
9856 7477 12758 13155 5029 5349 8270 17823 5957 14560 209 13744 3673 14813 5888 18306 7654 13115 1876 16888 19002 12406 2590 3925 6542 14858
18577 13288 12219 6588 6974 13722 10014 18040 672 9404 8039 8455 15550 699 1381 8551 2862 4322 5525 14975 10734 19279 17444 6789 19498 19153
18928 19334 2076 10694 9567 15835 8567 16272 7196 5948 6664 8957 8547 18081 2360 10014 18958 19940 12782 3309 11466 1830 8304 5555 17574 10978
16763 3800 15959 14025 9833 6805 2864 12581 16502 19937 16306 13715 3247 14841 11776 15618 18608 4489 10035 3422 18773 10173 6813 1187 8220 17539
13345 14048 12898 5820 16196 3985 15797 10963 2009 19410 14481 199 17284 3714 425 9194 13495 7948 6222 16079 5484 17800 11284 501 5335 7877
15959 3867 10994 4671 9037 17938 4566 17566 10311 5061 13009 784 8622 18931 6850 18941 9692 15030 10971 11110 1061 2959 5153 14452 1527 8242
3053 18309 17407 9525 16888 7269 5374 3806 1467 10134 3420 14738 15141 7623 16237 8133 3953 1704 6448 14600 8227 16548 17897 1760 5298 5021
8259 10334 9351 16192 3665 2558 18572 15463 4908 5080 13180 17188 15395 3520 18080 19661 19863 477 9333 4735 11077 7547 11669 15959 18938 10960
6308 15745 15251 18444 12760 6018 6074 8255 13734 10840 3711 12407 2109 12231 6950 12061 15227 17672 18695 10058 10995 5486 14997 4994 8600 194
2124 3713 17747 12011 19559 7844 8670 2976 14259 17764 13503 16424 2870 4094 7899 19098 13830 2732 101 18123 17273 3677 13536 12935 12484 8488
10792 7226 5071 13090 6375 852 9254 17251 3895 11945 9951 4212 150 11071 11232 18511 6097 13357 4812 15172 7974 19331 15064 8352 17601 9977
18705 16442 18216 19147 1253 15263 16577 2077 15872 5142 12574 17219 4945 19558 18756 6099 5259 8030 196 9943 321 11343 16612 16214 15997 13010
7223 1318 16872 1490 6869 6218 7718 5445 11519 18957 5934 11004 14761 14341 19998 2613 2260 7761 2019 17078 5930 13424 1085 577 11322 7871
14595 19554 15131 246 6229 5746 10695 8947 19946 1652 6043 5209 3890 9476 3907 13107 14204 3611 3624 15162 19262 17661 5698 10905 18660 3020
13264 15979 7625 5475 10110 13269 19632 4825 8113 13295 12402 7963 5376 13650 12175 14165 2948 14765 16271 17759 4008 19461 18332 13467 244 14773
14099 12388 5701 3378 8222 17989 16888 4529 12320 8245 12839 16648 8401 13569 18584 3593 19346 11423 17416 8673 19317 19849 8184 19335 5396 14975
13234 16189 5027 5390 18136 18113 16566 15462 17234 227 19074 10326 2001 15818 5915 18931 3288 9395 3208 6830 9672 13452 1467 458 16371 3487
16380 729 19047 11428 8264 19625 16977 18537 4961 17700 8009 4989 14715 6294 17428 13201 3250 16064 16452 1847 13281 14854 18290 13122 14677 9522
13217 3063 11937 3945 4648 19587 2393 17592 14512 10708 1676 17484 1582 1719 86 4706 3524 13484 18987 1741 13455 12299 17205 17124 14562 14901
5875 3121 1865 17343 8712 2525 6965 2384 19647 4608 723 1807 9139 7941 8875 8374 842 290 9173 5361 7649 6587 4164 443 16660 3281
855 15764 13693 4368 5446 5444 293 3081 901 8381 16933 4535 856 13696 18201 12160 6451 496 11459 10879 9865 12324 16050 7715 18163 5213
10766 10413 18245 2921 14541 7888 1618 19358 14634 8564 9840 19542 18769 9752 5124 14287 18978 12778 17407 3695 5843 16096 131 3450 11250 12716
7879 3846 14655 6483 13529 10970 11738 18783 15099 18382 2941 10557 15743 14073 10101 15552 11028 18211 8742 1646 16799 502 3346 11605 5503 2328
9241 7220 14496 11367 18266 17618 17604 12646 5667 11777 3239 15736 14507 10131 11464 15141 15675 1127 5734 6490 951 7595 13949 11833 5923 544
11532 15939 8215 11677 17823 14591 3925 9038 8881 3514 485 3256 2698 5165 3931 7765 15943 10896 11943 15316 13163 3754 1922 4556 18975 17730
5706 17577 13407 11403 16430 1685 14331 4009 14411 4616 389 15886 8004 14721 8466 11681 4050 18888 1090 13469 14441 11495 5042 1831 574 9290
17928 2990 5225 14939 8349 845 6765 9863 9796 17568 16653 11711 15446 11490 10579 18784 15428 3097 3932 14741 14314 11228 13695 9389 7504 11914
300 8091 3938 14104 2969 19091 10288 16514 1775 199 10794 19943 11649 9716 17799 10780 2743 4082 5562 3945 15035 13040 11259 14285 8721 1503
4048 19469 11683 11275 12763 19290 1126 2632 5410 18113 19312 15754 16049 7636 14811 143 11679 5404 14826 18495 9132 19174 9050 6380 12474 16371
17610 7300 18850 16243 6301 15768 7445 15266 8169 19149 9215 3973 1975 14404 9864 7728 11567 3531 11458 4702 16049 13146 19641 1513 6508 4366
12507 18375 14987 10976 3865 15102 1198 13963 2284 17474 17894 15894 4472 5561 9009 19380 16490 3750 632 14380 6682 5443 19890 6650 10288 15960
16120 14296 5147 9995 16934 13216 4490 11457 15996 9942 16411 17076 11707 13056 3614 8867 7879 10775 6883 10251 4922 17823 18101 4189 1813 14941
18733 4066 9081 3624 13271 10480 19956 15479 11792 19506 7067 1719 11653 15787 11381 5617 6053 6299 7416 8873 2566 8300 16831 11140 15488 9100
4075 15292 7007 4536 13929 16550 14832 11861 5147 14798 15476 17516 18803 3757 19648 12082 8867 5253 12230 8002 1950 3164 10209 18886 18154 15025
10605 10008 2668 19614 19785 12881 7250 547 5439 12556 19113 11808 13261 15917 1313 12023 3462 19997 6764 19576 6706 4916 3636 4714 2069 13682
651 2837 91 17061 6922 4518 2686 486 17542 9880 8774 19191 15970 11745 18873 1404 19620 15105 9400 1172 9492 9870 6421 15974 7237 2465
18490 3151 826 7517 16508 6170 19540 17086 2983 4400 11555 4401 11795 622 11960 18651 12622 10265 16784 19181 17076 17894 30 11254 14520 1744
6042 7485 10378 14626 13976 19069 828 19597 1754 10716 11192 5156 5805 13734 16847 3665 3026 5274 7090 18694 18087 4705 3079 1595 12306 17812
6818 17169 8075 10065 1047 18239 2827 18653 19332 1531 13890 1357 17893 14286 2951 17024 11938 11179 5364 18059 14071 18804 6640 9006 5341 1278
8934 9512 10960 11325 18992 11631 18435 10603 11766 8605 5121 17321 10052 3490 2646 8766 2061 11116 19063 1042 16582 12284 3195 10118 17875 10192
16744 13923 328 6879 10611 19805 18191 1376 16517 11830 4675 14483 7738 17212 9549 13622 7957 11987 6761 13558 3257 6809 2187 7026 16345 7064
5920 14180 6407 7483 7159 17333 7376 7394 7012 4006 16875 6598 10892 17847 1129 19205 16626 6313 17284 459 17377 3873 3603 320 3522 17762
10325 14237 17539 19318 7350 8856 365 6570 10945 10092 6752 15475 17596 3235 16740 12976 18669 12226 12508 9367 9722 7556 18591 18779 8182 16823
12467 5601 15884 13205 11032 5752 4250 19915 12658 15864 15149 13355 4596 7494 528 13936 4431 1755 15343 9898 4468 1516 6083 17290 15796 8202
3964 15177 17321 19064 12062 4104 5768 1214 19337 3279 17468 9427 6204 16806 15312 15833 3441 14858 13955 15451 17403 18798 8632 17790 19719 15662
8202 6705 2316 2766 13701 5760 9556 18440 258 5961 668 11680 5597 7996 17679 4145 1369 15600 14791 483 12283 11307 18813 7798 3937 11159
1304 14111 14862 19436 8415 6415 9668 9388 9783 11851 7638 12082 16841 11170 8075 10147 4477 5896 13032 9348 13972 13689 9566 17476 12372 9747
16503 10793 7496 12577 14448 4853 3267 11735 5275 15672 1542 10100 13104 6772 11357 11484 14084 7605 14376 1087 16548 9196 8170 4070 1416 10995
7608 8898 3291 11434 10973 17690 10114 191 10939 1285 18520 4276 600 13043 12252 11351 9980 12254 9854 8749 4458 5415 14986 7216 19009 18881
8911 6171 5208 6136 3044 3381 18374 13728 11797 10466 16005 8868 18235 9895 11476 17421 4929 7567 1249 5678 9453 8008 19387 19017 13729 13139
17793 12820 3246 16447 3409 7186 6239 3257 1059 14672 7483 4304 2889 6858 10427 4583 5036 8074 14605 2210 5727 18528 7617 15327 18726 5462
18431 2930 13560 14252 12247 1868 12765 17467 14405 10690 4775 15178 6699 2484 17408 14954 8517 11324 9564 11750 3239 9400 11688 16813 14056 4753
4826 4941 11645 19821 12474 4002 976 7348 15725 15047 15274 17027 12883 2264 16069 12394 18470 10092 4868 18018 19159 403 16119 12788 19132 11532
16658 10999 16723 5080 531 14585 245 13674 419 14974 293 15141 9192 19358 8681 7496 12244 15769 5815 2482 5106 19809 914 2214 13405 5726
15265 17033 9371 10053 12705 2184 6744 5657 7388 2487 12452 4115 13510 15202 18525 12954 9477 9028 15244 19736 8233 12761 9699 3465 5273 9497
18963 1704 19476 10269 12021 13975 16527 2425 10770 532 11173 16921 6245 6001 6116 3368 15652 9770 9539 10402 11840 13236 2354 37 9909 7560
3672 4472 15506 3203 1376 5408 17382 10281 12004 14259 14290 16650 10765 5324 15537 5403 14773 5557 18053 1489 7331 17196 15074 4858 17673 12830

