365
0 16 86 62 52 11 57 69 62 33 90 17 65 64 64 45 84 74 34 29 37 70 39 48 28 81
8040 23 8994 9594 12471 17661 14184 9385 15191 6255 2781 18548 2176 11027 15373 12554 4422 11272 7899 11145 15597 17267 9894 5929 4118 17514
18561 6779 8526 2730 14074 2769 2253 628 8389 14681 13410 8014 52 2498 5896 342 16623 6535 4349 19552 16637 11386 7256 18169 12754 17740
17436 18164 6589 10745 8770 11646 3582 10244 12336 12228 3361 9376 18850 9576 169 14180 1232 14668 8475 10197 14733 7209 14776 11705 9623 16564
2576 12037 17705 4124 13197 3850 16868 18859 19247 15627 18458 8092 11903 7408 7085 4010 7252 8802 15853 2507 17201 11606 10268 4839 17354 4649
8765 6220 3228 18734 12279 5045 5071 4160 7342 19640 6666 17775 16291 14248 19868 12345 12895 835 1838 7916 303 12936 3084 14797 6855 466
4493 277 7482 16793 16764 16952 14039 4817 761 3695 8694 17750 11509 2917 14568 14713 12109 16615 16907 1441 11551 16090 18657 11869 16403 4903
16687 14396 17058 10707 4722 11756 4798 2558 13972 19962 2907 8811 10375 19 6512 2617 9285 7069 19396 15862 14218 16391 3366 6829 293 6843
767 998 2450 12907 8815 753 9178 4000 3811 18447 2396 18914 15620 13418 18582 10329 5702 13498 18515 17845 18169 13358 4749 12414 19519 18363
4938 6244 3125 11615 17343 19248 13344 17796 1700 17948 11548 1288 19697 7929 3989 18542 7316 12520 4922 1069 2131 7101 5686 19994 10207 3117
5815 3837 12708 11073 16449 19585 6689 4411 3813 5198 15337 14123 6974 19197 17120 3878 12800 10804 5041 9713 4294 15379 4608 15724 8224 557
18688 18937 17973 17201 12004 13039 7493 2255 13062 9856 13457 6001 1250 5160 12623 3069 18962 8911 2582 6764 18797 6891 14768 6034 19936 14205
4397 1992 8856 13848 17733 18725 3632 14545 1121 1304 2767 11933 12993 1180 11692 1208 8383 16481 7170 18347 12690 8694 10007 14758 14329 14088
16637 5945 7152 2270 625 9892 5840 9585 487 9309 12296 13690 8486 19978 3742 5081 10899 15471 1085 2864 3761 19102 5587 19131 9686 7104
19937 8844 7553 15654 6671 662 1235 6586 7669 12681 6716 10791 6184 19814 5171 9258 1746 15678 4548 6509 4688 7302 2333 13085 10818 1559
13499 9626 16749 9613 14986 8081 13060 658 7939 18570 16555 5391 6383 9740 12176 19708 16452 11357 16619 1353 11443 11678 7135 10610 14730 8323
15446 1563 3702 2957 8016 4829 4949 15258 16951 13901 10628 10510 13960 18404 13401 4733 9092 18536 4586 8726 82 19070 14714 12413 17699 17066
14541 15236 18134 17394 6714 2976 11786 11219 17342 13963 13793 8542 1974 14169 545 18872 11467 7785 7428 11035 164 16170 10275 19424 3872 2535
13102 2257 19053 14845 16162 7099 19521 14203 6253 5313 11401 1306 12442 9686 16912 16147 128 18564 7081 155 3043 15108 7722 1069 3481 13274
13426 12472 8133 16253 16316 16764 7758 16386 5223 9122 1712 15312 16730 8013 5637 19864 4402 18209 4152 15234 130 8553 5877 3898 4351 4383
7190 10494 19046 7643 2246 4486 15794 12275 16778 13358 19691 17640 7750 3866 9325 7155 5082 1819 9129 1524 19531 3957 3249 292 11683 11907
5545 4223 8676 18629 18101 18621 12382 9749 11494 18054 19484 8034 8342 11694 1675 19019 12500 12037 10913 6895 3630 4914 12603 18901 2521 10832
7828 3579 12226 18123 13156 1392 5736 15567 4476 18540 13663 13507 3278 9194 1551 1372 12340 18527 15859 11226 1631 3526 5779 12496 5407 4538
1901 18902 16479 6312 10050 12532 19248 1250 10784 11826 18829 6659 17695 2860 10155 14759 5654 16880 222 15979 14238 14645 5873 10917 12312 11239
15841 11942 2843 10445 2456 2184 3082 90 15873 3001 15457 11401 39 11807 2674 710 2079 878 1983 4852 10551 17469 6558 1041 18245 5922
7520 14801 9165 7684 16464 16495 9527 16196 12495 11622 17400 17723 19493 15147 13582 11490 15301 5998 16447 799 1039 10727 5185 9452 18408 15675
18523 12113 16088 17853 2399 4508 1270 15753 8550 13760 3419 7712 3179 1818 2531 13356 4228 12245 9429 5735 9377 3671 17836 19686 18210 15381
991 8652 12082 7068 13769 16354 15742 4484 17547 13344 14698 11746 8784 14120 1683 5782 3370 14499 8428 12457 16684 9331 12842 18375 12105 12814
7062 3460 5998 17207 14486 14004 7961 5455 14389 8329 10820 5600 9702 19889 6834 10342 12326 8309 4929 6131 8971 12452 9281 7444 15263 11254
11172 8094 12159 3518 16158 17514 13952 19864 18739 16245 6708 6191 18667 15705 16033 15382 14426 9994 2282 10866 12671 16332 3787 13786 6831 8689
9915 7667 19291 14083 8879 11830 2917 15502 1326 3484 7539 10990 7111 16688 10227 18587 10559 2827 4801 10766 11852 12210 10625 2404 13852 18564
17139 11878 15219 16125 7386 5968 16725 5134 19550 11804 1703 15402 13238 18091 10274 2189 2962 17789 6331 12599 15112 153 569 19643 18148 15184
14282 6013 13369 14580 121 10338 19185 18421 5034 18236 13062 15623 8265 12197 11554 11986 17869 4149 15618 3691 19852 11082 3606 1965 10820 8655
10710 9740 2204 15586 6221 7409 14862 15981 9047 18428 16414 9891 17232 12344 2339 16231 14669 12460 17447 14198 13836 15506 4154 13927 9925 11720
5462 766 12714 15235 14675 11574 2390 14622 18724 7790 13556 7213 3790 18686 18135 5355 13057 12218 13150 4050 19901 441 12190 14135 8095 15667
16737 7049 9953 720 9926 4634 16636 15182 16824 15296 13505 2413 4475 6263 14985 2880 2282 9677 10849 15075 1988 19775 2318 1865 5868 19458
2153 16408 3170 3182 12240 3987 9307 12337 6502 3843 416 19378 8717 486 16651 5203 13167 3874 1284 9861 1599 16790 3354 15127 6994 13823
15815 14250 12064 12577 11544 6466 6116 12325 19342 8358 9931 15723 13919 1475 13519 11565 11244 16052 13973 17197 7729 18190 15967 19823 3846 1697
13308 15171 17441 6792 7770 13921 4704 5588 12217 3513 17632 4840 17194 3539 4204 18267 10485 2946 19988 11065 16761 15482 5458 5675 13381 13736
12980 16834 9714 18753 18391 2547 15103 17415 4588 2048 1012 9998 19896 19054 3233 2436 3279 8237 16425 14653 17294 18706 11868 9276 13812 19254
3833 7546 2135 16847 19300 8039 17934 11329 15039 3375 16541 13527 19483 19282 6673 13858 12706 7723 9209 19690 13145 4184 6817 2803 15994 6348
14166 2567 14279 13200 8184 1534 13778 9759 15243 16592 15449 6934 12360 16692 2202 9726 4753 17525 16506 8313 1054 16742 11494 7200 2564 10616
818 18499 8264 8308 8212 3409 15454 8943 16292 2506 7513 1947 3757 5135 7972 2903 3244 18156 16375 16638 16459 19566 4082 5009 6918 9450
192 8384 9289 8179 8651 16517 19700 18721 17422 7125 5172 2592 12356 8598 8832 11916 17244 2468 15617 2013 16466 8375 16271 318 16668 17072
2048 18385 19066 5805 7426 18783 6205 14928 388 8975 644 8514 10049 5528 19668 10708 11253 5012 3150 9995 10987 15061 11733 2899 4915 15863
11298 3508 5386 11852 18743 15346 6207 15812 15265 13587 9231 5357 12140 13934 4337 12364 14368 4025 2152 17087 7387 13715 17253 19725 8700 6663
4235 15866 2131 12508 8237 18595 10673 16842 14050 17543 7791 15785 5416 5839 16773 6851 341 2935 12501 19405 16177 14259 11742 781 2033 19647
18634 13121 10085 2242 2891 14940 4315 9764 1450 11326 3354 14304 16234 14919 2374 6862 19412 9811 1696 9001 5878 16114 12894 4223 1682 1637
1736 11665 1239 5412 13747 5893 11137 19503 2095 1208 13085 9459 14540 13769 11124 10311 18208 4736 8704 3110 10356 7953 3164 6448 14621 883
528 7672 2129 16615 15059 1931 10970 4711 16501 13636 1355 5816 14920 15303 11795 17807 9416 3028 7981 12017 58 1039 14302 5871 3634 7053
10838 10401 15390 17738 15588 13111 1446 10551 4933 13324 18450 5990 6452 9536 6466 13435 1702 2910 13419 2718 11149 19612 16319 15656 3442 13203
1803 468 4724 2131 4538 11018 16740 11445 18871 12964 16601 6294 16825 3702 8670 19297 2955 11772 8791 10336 1438 15834 11859 3897 10623 6850
18904 15861 9418 5606 12047 18054 15380 3814 15471 4146 13733 10424 15642 12939 18953 529 16695 13065 14365 13038 2123 19658 19118 12729 15114 4516
5407 7256 14 2054 3804 6528 10457 8980 16575 4352 15039 18101 1904 7209 8821 18056 4272 8484 3243 8447 9831 18538 4405 17006 15532 13175
7462 8350 19894 2859 13600 6336 14900 7699 16286 11334 11824 7341 1122 501 10621 12923 4916 16229 5037 5533 14627 18580 15657 480 12264 10698
1443 4744 15880 5911 1447 7492 13659 1946 5677 5554 16225 10394 8805 12276 12410 7886 18635 18272 5357 12595 6929 12977 17223 9149 16020 17030
10033 18742 17455 15913 8269 6730 9491 11294 14824 1867 4531 12129 12402 4408 15816 599 404 7486 1511 11220 18321 11827 16680 10866 13182 12522
7202 17469 19133 16760 17843 11685 9506 9279 5830 13677 19951 9232 12681 1644 410 13517 8208 4009 90 19115 381 17607 1194 16969 5304 1649
2570 9630 6820 14925 17713 18074 19518 2213 11546 4223 12143 4496 3054 11463 16090 6829 18234 8416 8702 7470 14063 13001 18456 8514 12849 6873
8012 10014 11840 2032 7243 3178 14300 11042 19567 12424 5498 15538 13386 12949 7773 3197 7710 13769 9368 8302 10895 13506 13760 19988 4070 8165
19861 5816 4013 6219 11313 2018 17017 5091 42 19321 4442 17661 5235 12831 6611 3674 3318 18129 18484 9701 10015 5760 6487 16035 12844 18791
19451 16627 4835 5509 9154 13680 2887 10886 19630 442 19648 6000 17749 17871 5488 1442 19269 19933 15940 9849 16460 18247 1118 14425 5183 18669
2188 6050 9972 17283 13007 19578 11799 1475 18550 6300 8014 3894 17248 6954 3497 18354 15063 12906 12680 16535 9585 2926 19969 1915 17339 8541
11264 5086 5896 8034 10645 14489 6842 1716 8298 6483 380 14133 5265 9602 8924 4318 3594 7200 14753 2171 15791 15728 5966 6806 5364 6583
18555 8397 15371 7040 5835 12487 11954 9857 3744 2946 18481 11983 3364 6825 12079 9456 16762 13589 18832 8910 16753 7620 5081 19180 3105 1597
2259 14984 15457 16161 1942 10837 19042 8547 7541 12421 18849 16473 3264 9958 4535 18601 4331 2401 3145 12446 4439 10484 4221 8311 8586 5197
11435 9299 6566 10016 3111 6620 2162 7374 6833 19986 19607 17101 12920 6458 10761 10993 1801 5412 15671 15741 9754 9120 370 3110 18805 9536
8345 15893 5787 18569 15041 19557 15663 3224 8278 6769 14834 9113 19209 13180 16595 6764 19274 1101 125 11526 17770 8620 17540 3167 13988 15780
16676 5892 14030 11312 17796 12634 16454 8147 8339 18870 18652 7936 1068 19825 7741 13783 2056 18297 4040 19978 19230 5977 5737 1775 6845 16419
2505 1631 15960 19052 14294 17161 5090 17978 14746 6121 1640 12543 850 19690 19895 11600 19298 2167 5222 1871 1865 9958 4989 1259 8137 4729
13064 17932 11573 17822 19895 18083 10242 10960 7047 5924 10043 14965 4476 7122 11120 15543 15605 36 19911 10341 11391 13588 6172 6738 7443 10068
6312 17777 15106 12377 10896 2182 14131 19183 10446 12948 4078 5327 5605 9397 15676 17225 16316 2303 12059 12383 5114 10356 19053 5471 19476 15274
3753 7133 16223 241 3347 6746 18043 9918 12234 3566 13604 18484 8380 11281 3476 13784 6164 1093 5829 4992 14642 2122 376 12122 1418 15717
7864 11207 16844 3734 14340 16072 12384 7087 10335 3564 13259 7068 5894 14491 6372 6846 4070 6752 1144 2875 9003 2347 2072 16831 12405 9812
16888 13874 8201 10694 12134 16505 14310 14929 7376 2963 505 6246 7766 10275 9145 13884 7623 10117 3988 6338 5072 13866 15126 6968 102 18842
7566 1481 2987 13281 15772 6064 1560 13187 1623 13579 1829 190 13012 18357 16024 2952 17284 8397 16978 3273 16049 5905 1525 12090 19200 2638
12641 18680 231 8457 11646 14732 13069 10274 19048 3761 8672 15379 3145 19516 17664 10965 19931 14792 9902 13836 18062 4616 19157 6748 6113 5924
10708 10298 16497 19093 19815 17682 4284 4571 9076 2608 6298 8000 16655 1364 11691 18612 9551 7405 7385 3551 7593 9284 13500 1548 15079 16506
9699 12981 11029 4083 8297 4458 14572 5801 8569 614 2375 14973 8277 18188 9912 5926 6776 1656 15486 11469 11475 14943 6545 8096 18326 329
5933 5533 17457 4506 2259 12217 11951 10357 6360 18461 13785 14398 4175 12554 18059 3709 7704 12393 7860 1282 2878 14175 11416 13084 11686 4645
17136 13638 846 18429 10216 19870 812 8139 10583 8319 4762 12464 17653 14290 1989 11481 19793 15686 764 10868 9957 16578 14411 7263 4848 4726
16393 14987 9053 7613 2276 19629 14480 8692 6607 7998 4812 8128 6940 7064 4983 894 12747 18540 795 4063 846 14140 17585 18577 19 18964
16793 14545 17293 18029 10117 8386 19621 12148 3103 14512 17356 13430 10741 8321 17699 8861 8948 585 8221 146 15664 13240 15590 2520 3351 18240
6995 4284 7519 17156 2112 13230 10154 16611 15821 1830 8281 1159 16169 2386 16316 14515 4955 11083 3379 18419 2091 246 12029 18776 3277 18201
3360 15661 9904 4107 14374 17090 6538 2261 6825 14362 13551 14522 13435 9243 17437 19411 980 14984 12364 5193 1656 8579 2180 4461 9756 9520
17567 4543 14468 10919 977 6940 2494 15457 2777 956 16360 6495 1419 18996 3970 12886 9739 12816 12644 18755 14852 1889 16995 10245 17690 5642
741 3203 2431 12680 9030 9794 19741 15152 4491 9818 12875 17737 19379 317 15005 15960 5172 13521 9714 16917 14620 6139 9404 4320 7010 13218
6496 16374 18612 16080 951 3196 2835 10278 987 2045 12506 12883 2088 4338 12458 2093 19965 1 403 17102 6186 6017 801 2534 7987 2856
17190 8854 2657 9314 2926 14932 15455 16510 15661 6132 3747 6120 15609 6890 4271 14381 4349 19637 9702 7222 18977 7720 14679 6728 9511 7698
14117 1958 8967 721 19899 1130 6722 9867 14259 12024 16087 14089 9862 12498 12865 8069 328 3480 13665 17426 4425 15355 13928 15337 18913 11024
17930 17019 1453 4639 9088 1172 8286 3375 19297 2862 18705 8991 18094 4754 4630 1937 1687 5318 7128 19431 7776 1459 2048 11811 13557 869
5430 1300 17411 222 891 4517 4714 16528 16075 16969 6920 17300 2554 15369 1409 19084 17652 14055 15983 8139 4929 13040 18715 4712 13991 5422
14181 10252 14968 3442 11354 2808 10894 2981 2907 12571 8222 476 4164 4925 14864 9958 19987 17669 8368 8467 774 9608 4336 5387 4510 2231
8525 10497 5714 3635 4792 5540 15524 12905 5853 13679 5619 11179 8910 6711 15380 3369 7717 16145 8676 3239 8992 11881 9699 14730 17621 1846
2781 1462 9630 1040 9847 15722 13801 15398 5035 7268 9757 1558 9745 8316 11858 5010 14716 1897 16225 14160 19371 13725 6855 18579 17406 14222
17005 14530 2696 3038 3654 7492 17378 12690 15865 16281 9807 7791 3870 15172 17596 7375 14467 12588 18641 7615 12685 10691 12544 11562 3171 13047
5818 6570 18003 1021 15678 9635 5327 5843 11030 6710 12937 14206 997 15846 4045 7862 2179 2606 5713 5028 2586 12696 11690 4531 16389 15647
1192 440 13909 1450 13795 9001 18275 8010 12012 11454 18770 4317 587 9069 11169 2945 19900 4591 14071 3603 7654 9356 18199 4963 7368 13502
13746 5973 1415 11357 14568 5250 10860 5800 9147 1972 6346 9691 395 10032 17633 19529 1061 12849 13492 3554 5687 9996 361 15050 666 12443
13249 15293 15445 12824 17309 14060 390 6757 6130 2090 11549 14350 10226 1881 17384 10369 6893 14566 18106 12632 2799 18782 10905 4104 3447 7215
13715 9624 8472 5203 5430 13014 12040 7842 14799 7497 15765 5445 4905 16968 14564 6687 16636 6959 13448 1354 15365 18449 10665 11983 2081 5986
12669 3038 15919 7964 12968 14043 13068 7608 10048 6533 13763 5281 6976 5172 3087 17807 7857 12202 14492 7462 3363 14113 6463 5421 17094 11007
8071 19885 16752 6918 13506 16915 18407 6582 19414 4764 18231 2156 19056 16362 10630 12442 6398 13222 12388 4712 7829 9439 16090 9894 3761 16486
11514 16677 10813 739 7545 5963 17238 6431 5266 16150 10629 8308 3561 18775 16496 3586 7134 531 11670 14851 3244 13494 4388 1372 12262 8957
4186 3700 15417 18865 13177 15344 3825 10954 6114 15802 16931 2419 6777 1715 14962 7006 3899 4377 11488 1181 15522 7018 10002 15937 13686 13879
10401 6593 2810 12303 18083 2720 19756 16079 11016 12131 12121 7391 18133 13151 13099 7052 7058 11363 13840 15300 19913 1460 14291 11080 1917 14304
19593 19339 7304 3593 380 13952 17365 5273 4191 19052 15788 610 11833 14108 950 2942 10939 14877 12055 3395 16079 16461 250 16001 19474 17964
18921 5753 16191 2707 13653 8045 5114 941 11734 8176 11086 14308 517 7182 17696 6157 3091 7027 5484 7414 3184 1789 18241 5549 8525 5094
5864 12503 16086 4626 9254 5415 15187 12018 11729 14934 9866 9755 7277 7146 172 18304 2143 13202 6965 9283 14456 10274 15812 19820 2130 9762
18834 12666 15115 8751 3865 8738 4779 14969 12437 7881 2529 15101 94 8706 10094 7166 18185 11107 5616 7891 8360 13358 10517 13296 1200 1058
17889 1544 8059 15775 10820 13993 19344 3001 4417 8613 2048 2622 14898 9850 5589 16107 77 3020 8895 9784 19 6425 12642 5808 196 1615
7839 7345 7118 19982 2634 8670 1731 4049 17801 7687 10919 17552 1123 6236 13810 8079 14659 19318 9152 14043 523 18166 9031 15761 7449 3481
17343 11088 2866 549 8667 18647 13189 7512 7372 5391 8687 11220 18533 4135 4194 8505 15972 1918 9166 10206 803 14910 181 11236 6570 8423
4722 19865 1244 14371 5947 16255 12531 10102 17555 16003 2382 16831 10955 19478 926 10955 10520 18202 12087 6417 13626 16479 15305 18710 4582 17264
7110 17567 6429 17183 17590 7518 14394 11008 10813 8923 4138 12477 10412 10025 8390 582 11592 2596 656 5558 8270 6762 1844 1445 10960 17486
14265 5099 5659 5734 19655 5973 8088 171 2401 1094 11687 8440 16635 12421 5529 5100 16215 16603 6553 2182 12797 11588 8111 11719 16773 13354
9828 10331 18660 700 9902 2043 11883 10024 7901 11130 10488 19781 17761 7629 19549 2431 3756 6232 17622 219 12307 9051 11855 15071 18627 16991
11806 14538 7588 5229 9084 15099 2158 5526 2594 9342 15707 15538 10539 17565 15203 6429 10177 16676 15158 4543 3762 7044 13824 5697 3211 4169
10256 7687 11675 1030 16783 19852 5416 6928 13580 13877 12165 3384 8228 8973 454 8494 531 8134 4395 10033 13638 3755 19512 10380 12925 442
3241 1976 1054 11507 14194 4514 7088 17166 14654 17849 17352 4903 5679 4468 17592 9245 17509 14412 13876 1268 11151 18758 15411 8418 13682 217
8551 9429 19900 2853 19368 17076 14896 833 710 9776 4804 3445 8105 12295 19141 5210 10679 17643 12389 13259 5145 10348 14473 17362 15146 9562
6692 6392 8745 2312 11524 6139 2671 8506 18315 14422 18489 2502 18366 3499 15 1367 10915 19701 10696 7775 6984 10213 2710 6176 16819 16588
1903 8081 4168 16536 10737 19091 17226 9730 1341 5780 15150 14219 19397 14921 11490 6881 4959 12274 8871 10016 19802 17542 13238 19564 13195 12960
17762 16670 12087 6121 17341 3988 16254 481 1806 14025 3127 15877 7477 16793 18155 1300 16788 17938 3546 3415 8812 19615 13252 10849 11106 12010
15640 1439 7209 600 15883 14768 4176 19669 17997 9198 18016 11114 11739 6547 7415 13464 10743 8341 14657 14672 4603 9690 19266 7894 10368 13936
19036 17394 12397 9476 4174 10378 7461 3783 1943 18547 8647 15887 13625 14617 1113 19625 17492 15967 10712 4631 11313 8867 6842 2685 11790 15415
441 10693 123 13133 7919 7021 17058 12787 15789 9644 3337 11358 10480 17957 3622 11720 18255 11057 903 8830 17774 4116 11178 16715 18846 14620
1678 9168 3060 19270 16581 13140 12493 8049 2770 19260 10275 9954 9312 15660 19555 9735 1299 9525 10155 19043 16198 18981 8094 5665 3534 4565
8495 16512 12457 15398 886 14985 2402 17530 19831 18203 19381 14026 8195 4193 16634 9067 17689 1931 19993 15607 11195 14367 6013 2866 10390 15297
4777 19930 577 18033 3534 9904 5648 16755 13355 4618 12760 3307 5712 11416 12625 9931 17989 9981 19148 606 9674 13095 8200 3858 8063 1340
8011 6456 1742 12200 6713 11210 17498 2646 8487 18364 11534 3766 6182 14733 15517 6201 2795 11626 10373 1128 9279 5071 18539 14936 19861 4683
10049 11333 10880 14760 12324 857 9158 12388 13568 11338 3948 2989 13686 13191 7636 2409 16404 3260 11328 14960 18324 7803 18857 10257 8912 18083
7197 9422 4519 13732 7697 498 2431 7375 11653 15587 9744 19930 7064 18533 9917 2462 5342 5700 5934 7782 9247 8673 17910 10296 18659 14208
557 14645 10457 19280 18871 18877 284 16235 8959 6849 8276 8296 11217 6168 16307 16828 3314 16382 18451 460 9849 2958 15751 5837 10975 538
16263 16096 15966 3432 2217 16155 11917 563 13327 16543 3019 8491 10891 1121 162 1669 16713 6712 18652 19590 9718 10375 2739 10159 6414 10822
13746 14581 2549 8118 12045 14857 11446 12211 16257 4860 14439 12819 6293 18673 11690 13483 15849 15625 1798 4648 6047 15068 16265 5866 12450 18770
3335 17191 512 3929 15804 11464 1238 3234 12880 6373 15768 16371 4928 16787 1995 14190 18019 8142 9462 8903 6614 15211 8712 6156 19372 16698
814 7390 11747 18190 3567 16801 18790 4275 8697 12418 13352 3141 17921 4835 1095 18259 13623 17160 16336 7655 1547 8372 168 10165 6917 13402
13104 5814 11388 15554 11259 13599 19306 9687 6411 10100 18894 2875 5225 960 844 5353 8705 6164 2896 15073 10624 10571 5746 11393 13533 6354
6793 8672 14897 5207 14909 5430 2425 17930 11250 9873 13121 9353 7127 16918 14282 2286 15417 14712 17022 8177 8572 8444 308 2216 12294 1585
2728 9778 14431 9778 12856 12728 1846 13402 13895 10584 17794 13796 11270 16802 148 1740 4536 13933 5115 18864 9217 79 6511 268 13765 9034
10584 7919 5703 309 1089 18591 877 810 1383 16816 13339 7570 12375 11726 14763 16483 11790 12772 3548 2446 6634 5630 5050 13571 18647 8122
15033 17284 2483 14895 8585 14384 2405 15874 16962 13068 11718 12859 13095 17416 16656 19470 5218 11240 277 18316 3619 19107 3050 13087 4869 5610
603 18509 10740 2972 17370 9568 13303 5654 9163 530 12136 11167 6587 14670 18034 14853 8046 10726 8220 1907 19426 18699 702 4562 13418 8575
4707 12573 8871 18266 16511 11473 18455 1439 11391 12950 19950 14896 3176 6249 9868 16165 15516 14594 199 12895 7648 10820 2242 15619 14482 14261
8908 12301 17993 10904 16504 7316 14235 778 12272 5405 7024 5020 367 4351 13802 12078 13375 19337 6818 11505 9822 7325 10097 11744 8373 8176
11376 16330 4832 1702 12863 12074 10156 18047 18812 3422 11683 3852 9486 19246 15019 4535 9198 13921 6152 8095 7035 8530 6490 13501 12640 6647
11408 15037 18931 12920 2137 15876 18591 14205 10057 15147 15646 16958 12723 16525 12685 6041 13521 8967 3623 5556 3355 8295 3105 19785 11606 14805
17646 7173 11420 12217 19095 18837 13317 6033 1584 18580 3163 2966 16395 13223 2365 4637 17008 6076 3428 16805 1845 16964 8550 10268 309 19627
1707 13311 8122 7721 11962 19532 331 715 8390 7067 9269 12070 15464 17416 7616 140 2474 1885 1267 11908 10701 105 9311 5582 4518 3223
426 8421 5900 9770 16047 3329 19054 12985 11878 5423 17884 3281 5319 3781 12753 4162 5954 9227 16408 15126 3738 795 8567 13782 11894 8250
13614 14643 13915 5391 12521 7500 3574 18706 1897 397 8964 10706 13914 6830 591 13953 11803 16889 8574 13243 12837 10248 15146 16721 9977 9498
16486 3193 1008 10361 6284 10870 8382 7333 8493 19310 17830 9285 18933 16353 4139 16142 17441 11264 17267 8015 13291 6421 15824 12005 12082 15522
10042 17279 7706 18914 19166 3364 938 13547 4837 10656 18197 18299 14244 3001 12627 11751 2194 4391 1248 8847 3721 5980 9874 12124 16428 18624
19281 10922 32 4034 15731 480 1759 515 18226 15280 13179 18863 15230 18920 8029 13583 3504 2418 8453 15654 16214 13926 14742 13572 4651 17498
11866 17039 17762 3697 2246 8222 15018 6544 14870 5729 15915 10125 3169 6080 2862 15683 13966 14621 18157 2883 11869 8901 16879 7701 7967 2421
11164 6371 16599 4212 17918 5407 11253 1788 4395 7052 13859 5556 1047 7578 11065 6773 10580 11571 18126 17237 16428 13493 6044 17037 6014 15754
720 18689 17594 19035 6285 5411 15406 16235 13137 10163 2902 4374 3644 7225 14797 3279 15900 17541 8013 17592 10920 14491 365 7102 9443 2166
710 11508 13643 3037 10307 15401 7529 1626 8990 13413 5887 8179 3102 16254 13475 18755 4383 805 10648 4783 9035 2387 16917 9029 3988 16365
7133 463 14354 1003 7952 15919 16944 15972 3262 17301 19540 6456 12047 1762 989 1578 5048 6992 1970 2031 7716 11636 3236 10303 15855 18326
7724 19147 4069 18589 14739 9569 13292 17621 19036 1723 1057 10143 13623 8400 10360 11968 12202 2582 4448 9605 3585 567 13127 544 6147 583
18329 1530 8097 1303 9072 2257 4822 14818 222 2065 13992 4743 18409 17210 12528 8205 5951 16276 8335 7813 16022 5284 14273 11461 8100 3530
3725 10881 18881 7466 10852 18564 4804 12964 13866 13667 2452 14488 7741 5783 17063 18573 7264 15627 13568 13678 8746 14106 15947 13024 7766 19477
15 9578 10451 11437 2704 606 13797 11540 7863 542 1779 14342 17340 4204 6697 3782 16892 8531 16957 4192 18100 19198 10835 13000 19745 5074
3042 7885 6809 335 11188 15367 11005 10647 17890 15387 13562 9373 8455 4219 12703 5979 18833 1941 434 10603 1357 1003 4748 1521 2730 19443
11354 10416 8679 14746 10265 15651 11410 7615 18212 4810 7241 16244 7399 11445 10160 12543 1254 15991 1974 7290 19369 4065 2877 5008 1738 6429
19007 2638 4009 17812 3401 90 8046 8339 3531 10832 874 5736 17120 16043 19995 16772 18183 85 18105 13236 11291 3462 10517 10279 823 5252
14463 17295 14779 7446 7675 13758 6639 5388 3333 5886 14121 2906 992 16831 10889 19140 16205 8151 2842 6071 4650 12134 14921 11948 16457 18232
51 8468 16221 17903 17255 15751 17834 6897 14818 10843 2649 6765 8314 4359 19950 193 7649 15717 14366 19817 2007 9518 8015 10895 12748 2528
8189 16803 4657 6594 5750 11258 8763 14702 3994 15930 17685 13606 15750 6462 4253 8481 9185 12144 12204 9044 11093 19286 15125 480 3970 17764
7175 17205 6279 16713 9561 17889 17102 10544 17984 5833 12480 7589 971 11677 3777 2359 12159 2578 2900 975 9485 12974 1535 8941 6458 6170
9426 7044 6566 265 5249 9318 3240 19108 16479 4773 2506 7160 8394 19362 1560 10160 17100 11649 3030 5184 15959 15546 2476 1373 6592 13449
7653 14476 19638 16356 11492 15047 718 5140 9208 167 15884 6236 18942 1170 17782 17263 11905 9196 6684 9562 15557 10862 3191 15600 17269 12290
2692 4287 17258 3765 5103 7014 15241 4353 6900 19712 1850 1394 17824 13939 16125 9403 16846 10330 17680 16637 16273 9218 5049 16942 364 5453
16609 19304 3364 6626 3440 5264 9617 11883 7993 7028 4759 13959 5747 7780 7546 8022 17763 15722 5753 17319 18947 8429 16008 17166 7549 15282
10044 6112 13393 1821 3695 8838 16924 3327 18827 17074 17469 18811 9710 11940 2042 4161 10609 17485 1109 14967 6292 16955 15836 4946 9277 17296
8571 14964 1536 6623 18763 10532 4528 3109 13314 4469 9226 7630 13405 6463 6225 4952 10941 14911 19403 18120 19275 8738 11371 2834 13591 5646
7241 9573 10758 13548 10460 18303 6864 1837 13318 1537 18530 18075 10290 15162 10640 7108 354 12221 19072 3296 5877 12402 7493 1151 10285 16219
1650 14390 11433 3650 10603 5871 13816 13865 16501 10965 7466 9906 19694 17361 19191 17486 147 4847 1011 15254 828 7029 18776 18887 6693 7964
2474 6205 7681 14256 5788 17900 18210 1505 14821 3532 8293 6476 12539 10618 12585 14470 15007 18288 6677 10266 11398 16247 15385 1509 948 5190
10934 5730 1410 10482 765 1246 7766 17891 10848 11924 16269 16794 18334 3614 15622 6506 14591 3361 12459 8727 17728 8858 8106 7 10962 3524
7608 4348 19125 9296 5340 3401 1460 992 8316 14349 6264 10326 14887 14021 3384 9173 5789 11 5536 11373 2389 8429 12465 16575 2421 9194
11912 3480 11080 18789 16906 19688 17717 10389 19732 7812 7945 14947 16461 11398 10337 10487 1706 4550 3781 7903 7497 9718 17221 1112 12946 3900
17645 9683 4623 10918 10984 8457 15794 11737 3911 14424 3526 17953 16765 18839 6139 3935 2164 7591 574 1160 11645 17886 18704 13338 14058 13171
16060 6510 5333 6019 3022 944 6298 9765 7245 3065 17682 17060 7105 19240 4859 13418 14724 19974 10388 790 12338 12105 19034 1873 2419 18430
4972 7409 9297 12962 1598 159 4482 140 13190 2934 5236 7905 2828 292 16901 5551 8362 10418 670 2583 573 13042 6970 19852 1356 7926
15464 19982 63 1935 8158 4251 12473 2274 5605 1747 12072 19068 3784 635 7899 1333 17972 547 5553 15860 620 7028 6507 10244 1174 6052
9261 10429 5592 4597 5290 11269 8254 13007 16344 9476 1796 6402 13393 15614 5695 18368 12820 18939 2182 11023 16968 19999 19345 1818 14603 9318
4868 14729 14428 11036 11105 258 2897 10182 11329 16680 17086 5253 19871 11371 9107 4594 17362 3207 7338 10160 16556 3287 8425 18506 2038 5964
14299 11273 6179 19207 11214 15645 15902 14201 17966 196 9682 19725 3243 18312 8070 957 11630 17946 10603 6966 6739 4910 14883 16894 2005 16258
15794 3100 15099 11055 18726 19595 17594 4567 19946 7194 6132 1988 13619 8538 1933 9235 10633 18494 3710 14323 557 3620 2425 13367 1467 2937
1973 6672 12542 8202 16872 8042 5909 9381 9833 3736 14771 12868 12742 12459 12546 8137 7243 13917 5309 8814 8096 10750 5903 8473 9102 14427
6088 4103 13740 11983 14456 6335 18844 11831 16967 18916 891 19713 11241 8094 19196 11706 2590 8650 4315 10364 10747 5631 3912 14384 9980 9513
12779 18406 18563 9908 8756 2864 3925 16753 13439 9395 836 11216 16329 15937 6709 5474 2748 18641 7112 7067 19888 16009 12202 17150 2782 13020
6876 17923 13540 11537 5741 4514 18120 13786 1807 14100 15526 2943 16022 12580 11586 17485 318 7307 3070 10637 11009 16759 18261 5873 8741 6913
16156 12919 9480 10749 13878 3382 18806 14819 11227 6487 17963 3377 15374 11938 15808 15150 14391 15484 5669 16518 6527 1308 18184 1715 2723 3197
8083 19499 17040 17392 18141 1148 13320 12475 7967 8131 16222 18000 3153 1057 6733 12160 8297 17656 9917 7975 14867 2022 9261 1695 1257 17074
16825 9039 13339 7823 13628 15376 18083 5392 7744 5139 15380 17871 17908 18704 5074 8438 8144 1287 16323 5580 17712 17712 19001 1520 14238 15213
13355 16735 6068 9742 3251 1196 6220 4229 6415 7827 16631 9344 2042 10138 10835 5827 3097 815 11039 8015 5266 19337 19862 12304 2436 14287
13915 3757 13499 6186 13990 16199 5616 8781 14215 12307 18512 18687 813 18183 11913 13162 9993 1446 12547 12518 6976 8779 1376 15535 12440 15402
14847 3754 7825 2339 15632 2382 18503 16990 12316 6656 1503 11521 13639 13019 4465 19500 14752 11400 6217 18375 1068 11697 2439 15026 3401 3084
1595 14307 19441 4385 3414 4504 3206 5499 13999 3067 8741 4535 9581 6378 17574 10510 7563 15384 8331 19336 14452 13987 11691 14175 2341 10487
12015 17513 9472 4340 13227 1213 15748 16981 6179 4206 13735 17362 4089 3789 14730 9921 13806 13777 13786 18339 14828 15508 6492 2712 211 12607
2595 16907 14443 13382 6879 16048 4347 12864 4546 12447 14493 18828 19234 3091 14575 16336 2486 3042 320 9386 19957 11861 9539 8443 13066 9368
18477 16212 16698 10558 5476 10177 1515 19709 651 10169 15182 1001 4264 10231 19379 83 13891 2127 7936 18419 1045 13341 11190 5891 4210 19212
13642 6492 11479 18361 5484 5848 18143 11967 6072 9396 16407 15139 1366 16779 18900 2491 5929 11498 2991 7317 4727 8487 5539 14353 2833 17249
10817 9557 3575 3847 15574 13963 6619 9758 9285 18155 7059 17838 13279 13731 18871 16701 14800 16033 12229 16425 5077 15472 9491 9037 14074 8067
4043 929 1456 8645 18463 9996 5455 12513 2237 4733 9982 13702 15043 6729 2458 17971 10510 12548 3619 5677 15622 802 4544 16396 3079 9441
16250 5951 389 3444 12939 6895 8646 14752 1947 1062 12889 9748 14789 5622 3109 4879 12136 136 8452 2213 19518 8349 16122 6726 17366 13566
18131 13957 19380 9978 1346 14705 7532 15354 8612 11617 1798 12475 14489 5721 15667 8671 127 17229 6621 5289 1805 14898 10328 18311 12451 14099
7127 13625 12223 11825 16455 2732 12177 14350 6331 10635 9304 19556 11940 1679 691 16714 7070 3191 4647 11543 6040 13299 11436 19678 3661 13821
17087 5991 2188 4933 12290 5158 13513 494 11921 18544 13370 5733 17492 19236 17898 18990 19750 7760 19194 7312 9854 293 11291 2840 756 10105
8269 16075 75 12938 6816 19338 17101 8056 2720 7897 16337 18738 8441 12774 10269 3608 6773 674 14588 17619 15162 17718 8262 13684 3819 4477
11581 7639 3610 11099 9817 14925 13817 16772 16484 14247 14564 2053 15784 6786 7727 226 17673 18694 1293 8925 10915 12759 6012 4277 11292 12749
11692 10392 5205 5303 9960 4917 5773 13380 12662 3758 17617 10782 7110 16119 2102 5938 17821 8434 1903 19230 16264 14560 13528 12938 8706 19518
18996 15 17224 3743 11455 278 13339 19612 16822 5474 2106 8311 15099 5386 12729 18209 13608 10997 8448 12905 18112 18202 7604 12713 9983 1721
1018 2727 10723 7750 5377 13719 18772 8739 2226 12384 4443 9416 4737 57 838 4542 7672 7260 1150 14773 4932 7659 11595 5119 5478 4780
14889 7593 15307 1755 10820 9742 19390 19356 3157 9443 19425 4512 13927 19150 7029 5007 8781 12239 16896 11950 3084 19754 15850 10950 2135 13231
5969 971 2410 14306 19034 17727 13462 9686 5586 8309 5392 11015 12748 15430 6391 12149 4157 8845 16585 10436 4474 9179 12933 10358 8706 2115
3372 16715 19984 345 5624 615 5447 16073 18054 13506 680 7983 15249 16620 7524 5031 18568 8139 11626 17110 6763 4933 4090 10814 10507 13303
14966 19810 11759 16242 11980 1611 15610 6480 15291 6529 10537 7185 18468 4916 19447 3267 8216 3879 19592 12895 13719 17455 9588 4576 17878 11030
13819 11414 11081 12266 14721 10451 18822 11897 17946 11765 5209 6670 13502 8591 3021 12977 15972 6937 19101 9447 12807 2259 7137 18386 10040 17227
7383 11123 10581 15098 1065 11330 8314 6095 380 13172 18571 6445 2448 17508 4762 6083 15588 6603 6232 12952 5646 6388 4641 5082 11568 7240
16166 8769 10999 5555 9592 8347 10589 16877 14965 13436 308 19948 1828 10481 3256 14911 16575 2326 11438 15376 2824 787 5043 14285 13750 13536
3497 2395 4879 6954 5990 18396 12899 1120 6931 10787 10392 3337 16509 4079 2925 10192 3166 18331 4596 4738 8076 14549 2421 15618 2890 8201
17417 1092 6673 469 17458 18697 9002 541 16581 6411 7908 5751 16484 5168 19880 19795 3272 14333 1773 9930 11559 680 9854 19138 14541 17562
9443 1330 17289 14207 11609 19850 6272 14463 11784 2056 10241 12635 9844 6434 8849 7211 9473 13666 12143 3622 5717 1796 17287 3075 11390 19421
12574 8038 16504 9692 7535 8786 8951 9805 10145 3723 3351 6962 6874 134 5261 5401 2215 17881 233 18976 15642 5908 843 16149 5179 13652
7323 7274 10325 17640 12087 13518 1945 19125 3064 16706 10752 17943 8895 14800 16137 16557 11264 5484 9799 2509 1108 6417 9842 12961 8875 4939
8962 4594 3362 15334 13244 4808 5177 19010 7640 8223 7356 17252 17975 4183 10162 12307 13933 18795 9485 19498 8315 5949 1448 10297 9103 5904
17616 11205 17120 14340 4603 16719 3910 17723 19209 10086 7864 4257 13688 802 7131 5515 16204 1826 7933 649 3874 14402 6596 14600 6970 4944
7697 6645 4344 6090 17411 10167 7532 1955 9997 10934 19596 11681 3673 3968 6366 2165 16398 8980 7492 6543 17187 14628 11166 8217 19714 17866
5278 14853 2747 13811 13955 18060 17048 4949 12877 10332 2032 10659 14360 4330 7512 26 3101 13350 12456 12927 2829 7697 2629 10002 10026 7049
8166 18569 17756 11374 7527 12859 13546 1641 1861 13112 14295 14680 5404 12033 11071 5217 16284 18756 6738 9830 10415 13550 16917 16155 154 8814
6298 18455 4544 19889 3085 415 15342 8902 2509 13585 15887 14578 15355 19971 412 3502 15411 14741 15789 12988 9173 465 4382 13510 4834 14915
10052 703 14318 18332 3199 12343 15362 19582 3554 11125 19062 19577 4708 13858 8915 11673 11119 2592 8805 19488 18474 833 17767 14839 19880 8537
10828 14969 628 15193 8297 1703 729 1838 9828 17060 14163 16407 8086 15597 13676 14090 16591 2317 9210 18105 92 17804 19942 17379 14049 1479
3838 3496 12640 8579 15998 4999 6442 14842 3740 16582 17802 10822 19223 5225 11334 5024 16674 9866 6948 6435 8432 5018 3477 437 10584 17478
12463 1322 15285 1443 18 5878 3726 6060 4864 990 5300 16525 7066 9856 1066 19482 4197 12647 12868 3356 4382 10001 17124 2864 10710 7296
8163 426 10351 6366 16586 8033 13735 19556 300 9761 17952 1297 19040 10983 12524 13418 13778 14793 1564 9435 12186 15021 16179 9614 11079 17356
13020 1243 10242 6794 12655 2352 10170 8136 18314 14044 17405 6828 3883 16418 10756 11374 18298 5973 2456 687 8717 1610 7395 11479 6518 5395
1872 8620 8431 10563 13513 15198 14663 1255 17860 11341 10555 16482 5152 16041 16503 18309 3166 9240 228 15085 17945 8728 13631 3146 16486 9299
3763 1716 19624 531 8658 4982 11622 4798 3806 7956 3189 13206 11375 16490 13276 19418 7943 69 3657 19580 9345 14622 14822 19893 15603 19766
539 8022 15174 304 6501 11777 18045 17517 12235 15491 8442 1353 399 16294 11185 143 6845 6088 9620 17583 9637 13382 5576 1050 4770 12136
15076 3772 11605 15952 10387 19081 7754 1808 16885 1772 5466 17422 12178 732 5777 4478 11411 19406 14077 14296 2297 4695 2857 17962 19073 16073
13029 6867 1751 14334 4361 5393 8262 14884 13466 18044 4400 4552 15348 1690 2619 10870 496 8055 15298 6738 6134 6951 12940 9377 1339 4759
11422 501 15824 12857 319 486 11018 15522 2002 6732 18202 592 9043 1509 12865 12939 10680 19817 19436 5624 3868 7464 5397 4940 14751 7430
16132 12448 4752 9136 18351 836 18478 1241 13794 16357 6053 18322 1591 10734 15432 9949 11958 12251 3730 7061 1138 10210 18545 14511 2091 3845
4017 7145 19933 2671 2466 9724 11235 5893 5669 4328 7068 9080 17483 18580 19575 19244 16603 1927 6358 12508 2489 7166 6142 5098 16702 18386
19091 1585 8436 11638 15795 19223 19187 6735 2077 1834 4337 4594 17878 1348 16201 21 204 10829 9962 4131 8502 17031 6401 18151 18615 8636
632 9572 16305 14088 10000 8039 6472 7798 17401 26 5317 11958 19026 18824 15739 6767 2747 3615 9412 15661 14184 13636 12667 3712 4275 11143
9494 13049 11336 9776 10081 14533 10746 17430 6439 3032 12478 11156 16159 4977 12601 3589 10765 7111 18310 3817 14890 10664 14044 10779 8472 12660
4951 2163 13188 4474 14627 2075 8679 2302 2329 10783 8935 3661 17533 14457 2846 4954 465 4693 10284 17464 9100 16683 5039 3498 3531 15219
5948 5505 19832 9796 14635 10911 11569 10813 150 14440 12987 13787 9924 15631 9864 13700 18147 8831 4856 6155 16769 11039 1487 4338 4871 17534
13489 17410 17187 218 6611 16962 7978 17367 12151 1274 9292 11201 6999 14485 11472 18114 8353 16425 10332 7577 12382 4451 637 17421 6208 7803
12837 9454 15033 9007 2506 13527 10447 12670 15867 12558 16668 17142 12201 10219 6285 3275 6677 13152 16167 10999 17750 18679 2486 19076 15520 15529
9102 15258 16123 19105 19397 13843 2820 18984 13542 9940 13540 10053 2861 18148 12652 19520 13699 10016 13713 9831 17453 12526 10787 5268 11165 2718
12573 3939 18051 15585 9651 398 14158 11461 17781 18401 12082 6948 18390 947 542 7882 11730 16770 8230 13223 14085 6331 5805 6500 7244 7278
3747 6100 1323 427 16668 16984 15340 15491 1105 4481 202 4755 10431 6032 2242 8250 3311 387 13052 18312 15854 17620 1713 3701 14298 12508
8816 1734 8171 17700 1549 2939 9949 16533 3112 6944 6754 18887 18274 2132 17003 8291 19235 8172 699 11141 6204 12101 14300 6821 19194 11283
6106 9386 18881 19251 4294 12002 19098 11950 13029 2234 10167 5178 15921 8954 5741 16981 532 11731 10239 1100 7332 8812 16830 19429 2926 18414
853 2626 14938 309 12117 6078 2873 10044 4498 5520 12949 5499 13183 10058 19342 19369 11910 4878 8611 14335 1749 8690 17263 10493 6368 7326
762 15672 748 3254 19827 17686 15635 10521 19422 5231 1817 11134 19837 4803 13819 19591 10637 15016 12388 11067 805 17554 8769 10945 7433 6772
4399 17802 9008 332 3545 13994 12598 14469 14264 15368 10369 15200 102 15529 18047 13322 11973 19314 8492 2788 8308 3372 7310 234 12758 5481
7423 16364 11721 10564 6576 3706 2803 11508 7916 1296 15793 157 13954 13962 2158 8569 8521 8397 852 5910 14871 1345 1417 10328 12534 11878
8983 9142 8802 1815 3097 19682 16461 1934 7950 6284 4406 6548 8737 9093 19182 2861 7713 11596 1036 17671 5351 4315 11042 3749 7535 4391
18398 10751 3326 13618 11335 12394 5555 19705 19502 17563 10822 10227 2078 3263 10649 14278 18977 5924 1470 14037 13580 14175 18783 16319 800 7046
17069 16632 11092 5609 11210 12978 17849 6295 10728 18447 11694 17963 13789 6932 6453 3129 9082 7363 19733 4246 7875 17621 18446 11526 6458 5967
4359 17555 19437 5963 5350 18294 6927 16337 12141 10820 16158 8591 9647 1786 2166 218 19281 8036 6290 8160 16054 11343 19178 10949 8781 16037
19554 8527 12910 7631 6234 11274 1841 10254 13354 1098 205 143 16661 4387 6144 3008 8604 14522 17917 16558 7228 10361 7825 18427 6758 1305
13444 5885 19189 2757 13041 14178 3848 882 11825 2747 16218 15126 14993 2627 10913 12304 12430 1261 1279 557 16033 6504 9801 4220 4333 6961
19795 1596 11014 1829 6851 16510 12579 4787 767 1004 16688 17971 516 7143 5861 813 19032 5530 2384 11535 13567 5804 5773 10341 15071 18411
19934 2492 8205 19423 3992 13806 13654 1306 6784 9472 181 176 15990 8679 6656 3586 14425 19012 12371 14401 15935 6204 1865 14610 11684 8867
5069 17190 4537 13937 5151 19502 5375 8277 18660 17804 16519 7466 13290 9084 8717 14141 5103 5735 15447 14538 17505 1785 552 17447 15636 19971
2590 4071 6816 19177 17169 17228 3623 14765 16698 12886 17025 11354 3697 16712 8682 11634 15366 11952 1571 9272 2749 17418 12425 14674 13915 14136
523 18115 3909 13320 264 4817 3691 16534 4983 15482 554 1196 10971 11768 7105 548 19412 2936 12215 17621 9113 15172 11977 8320 6467 6442
15921 18672 1275 16600 7108 10356 7983 18426 11729 4921 3177 13116 11985 3602 11712 5833 10799 10817 18236 3066 9936 14543 5793 10169 13051 12775
12815 1977 5222 2185 7729 15143 2352 1749 1657 8838 13759 10156 6489 2901 16959 18952 19832 4249 14961 8351 6583 19412 3761 12979 17736 8940
8582 3295 18233 9562 10544 1254 1654 8343 764 19726 3194 19378 10567 15907 8764 19857 10885 4229 15978 12561 16844 4217 1135 553 19690 13
12068 17868 9555 9087 14134 4871 18680 9621 613 16862 14871 17474 19575 2202 4083 2242 204 12621 4561 10986 7264 10613 14204 9794 4652 3765
13495 12937 15595 14800 19949 17508 16244 1375 8098 10879 5607 3451 19374 14030 10581 808 19359 16088 506 13959 6269 1367 6807 13312 17448 13807
5508 18258 17623 18092 17433 9418 480 13059 12991 19818 11411 19319 8923 4351 4362 19564 4420 1550 7283 6219 2461 16081 17688 13810 12885 15512
19559 15949 1453 14274 3666 2228 18275 11457 7347 11079 14858 11856 19345 4984 282 1681 8176 10712 10857 18676 2637 10966 1880 17180 7066 13130
17753 7112 10628 18710 12681 9002 18343 16721 4874 5103 4472 9692 18558 6772 11355 14532 12953 11596 7894 10739 19056 15653 3434 11797 4520 3840
19326 15343 15975 12601 18686 7395 10093 7981 12428 7672 508 4301 8615 2664 6763 13252 434 3545 13181 15099 10947 18786 13476 17020 1558 11162
14499 10510 13874 16287 9785 16144 17948 3467 14769 15643 10379 19941 4288 2479 9236 19008 200 11990 4031 13859 378 9671 9718 13338 15331 3386
11701 1711 16582 19820 6159 17102 4989 7101 13088 15550 7162 12256 1467 9163 5835 17582 7239 9141 11271 15058 19931 1999 14554 11615 18360 3108
13147 8053 9113 13856 9578 8142 12819 6328 12731 2027 12461 17078 16351 11202 12544 19413 10048 11396 9082 8091 11595 1465 9943 7519 19863 17899
5585 19366 9824 14895 1425 9068 2753 7336 2333 722 10960 6560 3266 18832 16542 11677 19872 1941 3182 15151 16467 9413 1042 13952 12589 1119
7931 6312 11897 51 785 19157 5768 4907 2356 656 11499 4384 9781 1210 18401 13762 15983 12056 4220 8710 2228 3810 19396 2203 7934 14149
19940 5166 16845 325 10987 18823 4929 3645 1723 8462 8012 9471 15666 6259 19480 12694 19964 18599 14098 17820 16155 10333 12257 19600 14901 4508
6194 3780 5183 13812 16423 10544 5363 8437 1111 11516 9125 3521 14206 14473 4425 11704 17998 738 20 11403 2005 473 10389 513 17805 15653
17479 4815 16783 13129 7771 5399 6213 6195 4221 17951 3279 19927 6320 17417 3925 8308 10899 11088 4150 8091 17738 16931 11037 18916 6370 2258
15441 257 7476 15260 15108 9908 962 5058 18088 4516 18162 14233 18348 19407 8454 8163 17922 4383 6052 2161 16498 7292 5782 2239 4001 4578
16662 7484 8270 4463 13233 7296 18315 11034 16675 11479 14942 1284 922 12689 19124 1706 2597 6080 9267 12983 187 6329 11147 18425 8847 15245
11182 2408 16178 13514 4655 19701 10243 7613 1407 16994 5822 817 18263 7567 4331 17157 4542 8662 9104 3664 8722 3723 12044 9098 15270 10190
16510 3981 11277 8634 15424 2322 3551 8336 17749 10995 8194 30 4021 18275 7793 9090 14522 3503 543 13388 8668 11102 16452 7592 7475 6053
9827 709 9906 5161 15813 13082 16802 17567 8349 2420 14544 18932 18511 500 4324 11785 16226 6618 37 4947 12623 2089 19711 3757 6943 14377
798 13124 16598 4810 15278 1938 4730 10678 5533 7658 19272 1912 5793 6990 969 14576 17156 18114 4680 12436 19989 19646 2339 13255 16580 111
9616 2440 7131 3930 3177 16838 11003 5344 10984 341 1797 971 6749 10486 2130 11359 19848 19282 12011 12661 3495 13729 2980 1217 12301 11256
18497 5777 10094 5751 17373 3542 13842 5813 2671 19039 10449 12921 16959 11127 17568 11188 6302 13117 16747 19239 4282 19592 16680 11393 17450 10022
13202 13698 3785 8483 11495 16828 8399 12886 3360 18253 18821 8884 18642 10531 10433 7005 6464 16206 17092 12900 9111 18916 16254 152 2497 10850
2743 17523 17397 10282 11560 2034 19541 16000 15099 18186 9370 9708 8425 13466 15367 4924 18375 5345 17018 13430 6304 11043 6710 10421 15772 7548
1273 16564 2247 3368 7871 8981 17191 7459 11441 15953 2865 4713 9357 6752 6597 8407 17910 7318 6643 18492 9348 1294 18934 1169 13581 3950
3091 5616 16527 13274 3623 8557 11537 11546 13690 15514 4850 19972 17122 7640 4723 18615 5891 1946 14267 7551 8879 7834 16922 12599 18041 10813
11585 3891 10750 1137 5456 15073 17303 5699 5551 7188 5489 5363 7573 13667 18113 1252 5658 2362 12984 288 11424 4752 2169 11197 12529 7236
121 2875 2976 9120 14185 8816 13212 15174 1548 7174 3466 6719 15293 1072 19684 9931 6753 17524 12319 18037 5131 13912 8237 3732 10830 650
11401 18658 4127 12572 14530 3724 12955 3434 7904 3046 10805 1558 11182 12367 19313 14129 8703 1175 10046 10463 17332 8056 6918 4207 3756 17526
19482 10780 14398 19775 5696 19899 11995 9343 3736 18144 14046 10062 2728 16246 7086 5256 7197 13277 9619 10908 14624 15463 12144 18232 3303 3360
14282 15492 13782 27 2733 607 8029 7054 7976 11875 19091 2815 11346 5555 19808 9784 3406 19137 4552 15753 2397 1852 18847 2988 19003 10043
15319 640 18614 12772 9309 14432 13016 7133 13982 3894 4688 17840 1449 11301 12135 13844 6936 3558 14064 14431 10844 5254 8358 12266 17485 9122
4879 10316 18554 13935 5426 1923 11186 1907 18271 12958 4077 14672 3564 5624 9243 11557 19827 10415 6443 12313 3706 28 1875 9934 6631 9413
2922 13276 13988 7090 18432 6655 16155 17783 10531 3093 11498 11643 7403 372 3032 13125 471 11353 8617 18969 13028 2408 19182 17582 18946 18539
18833 10453 19043 15730 12723 7775 13963 15942 14829 16771 6819 13713 5559 16778 8883 17260 5361 11855 4114 11016 12533 6701 12804 13794 6928 14563
7456 19305 4717 6971 16506 3580 17013 13702 9043 4090 10337 17525 5505 10874 15928 17833 2552 19753 18922 109 10025 6608 5394 4041 4621 13079
3715 19161 15253 3053 5994 14044 19763 13175 1488 18809 6080 1326 13883 14480 10498 5517 18569 11923 6676 413 10684 9171 19799 2920 2471 13453
5693 6290 9336 12757 1943 818 19362 1837 7931 18307 9368 9636 14707 6282 16923 11692 14399 16538 814 2026 14623 5045 12484 7774 5769 10538
11336 14837 18417 13693 6641 11728 5628 1499 18476 10101 3355 17291 6454 4752 4084 12651 12452 9936 6046 7205 16348 14713 16054 4775 6838 13383
1319 8844 4667 2301 7944 9726 2374 9652 14127 7004 16148 3612 18765 16336 16885 16994 353 10782 13185 6106 2495 4708 1940 14511 6102 15307
6161 6501 12502 13468 1870 10864 11347 2684 5367 10098 6453 12653 3628 12759 7609 9020 18071 7744 17133 19369 4254 16019 2267 5229 13938 15412
8329 18451 3212 18487 4681 17312 12615 15928 13779 12975 18959 667 18064 5534 18770 19873 2134 9746 18984 5948 10357 15589 8937 2047 9963 18999
15171 17396 9829 1406 15326 18817 1005 3513 7019 4756 18870 12210 5094 7771 15829 14967 12977 16973 18960 17335 6567 8662 12959 6631 7201 4853
18266 13419 5481 160 8663 15493 7262 13310 3243 12252 4593 10937 16973 8268 6994 10860 9324 279 4410 8894 2644 11036 7732 16688 15676 19067
3660 2462 6593 12632 15755 9609 11484 3442 6132 4047 11717 13285 10705 5799 4642 6399 8848 2645 1823 16045 15321 1366 12507 7547 18854 5369
9821 4772 10012 13429 1502 10242 1948 14042 14866 8744 13835 12754 14275 9134 986 18811 19899 14049 13009 14249 14495 16993 1436 8334 19905 17413
8083 14395 8983 16345 15454 18105 10845 7442 16301 13747 18734 5412 7694 18473 12720 14207 5041 16748 8299 10329 17838 17013 16254 10253 1523 7907
11015 114 13 10709 11556 3610 3889 11910 13917 4212 11425 646 2302 18099 7942 9687 6355 16483 15070 18286 18700 15875 1681 3966 16871 2033
1808 10526 4066 8524 13133 9536 14039 6194 9687 5280 8523 19610 2516 5879 10368 3500 2272 6148 16274 5155 3051 3176 1426 9669 9164 15147
407 15651 1959 13776 5412 17119 631 16574 478 10769 17111 11491 16632 2625 12607 12281 15975 16316 1862 12236 13989 2344 9255 16722 12859 7927
12127 9889 3187 5028 19233 16473 16293 9311 12397 8232 10537 5225 4993 12956 3808 8829 4963 12549 15028 18003 18713 14182 5241 10332 3503 191
12294 17883 6231 7492 13198 17127 435 8830 16493 340 5511 14705 16702 5539 15446 229 12380 17055 4115 19374 1186 3866 1697 8444 15375 6197
2242 19534 1263 11671 17111 1300 274 7280 5082 17911 9113 16106 15648 8393 431 5788 19851 4541 8585 5825 16240 262 19255 9003 15506 5050
2486 17797 5301 4492 15827 7036 11641 668 6300 6742 16489 17207 3633 16282 14854 11677 18112 1033 9854 18239 19878 978 536 17693 11270 7111
10919 7195 6020 2470 17348 18251 4660 11568 15895 13359 18235 3258 4225 11663 8439 12485 6153 14331 1026 19923 13720 15907 15615 18292 10248 16543
14634 15198 17592 13138 713 8280 15413 18187 6144 14375 19858 8685 8143 15455 8946 4445 19000 15865 10407 16136 2792 2385 7251 15481 19660 15800
11480 17102 7356 19047 7705 2209 16815 14616 198 19009 9361 8603 13120 4396 3150 2472 3182 6910 13091 19471 8376 1226 6702 10165 13870 12617
19639 9763 6099 9343 17121 6052 19276 75 11790 17994 2978 4274 19609 11410 4997 7543 17384 11804 1366 16658 15313 14617 6186 18766 2103 7114
16221 14598 17107 905 10486 789 13380 11327 2373 14790 13988 9124 7662 3063 13376 16178 17999 14082 7031 11161 8984 3845 17163 3081 18055 1402
7129 19288 16728 7364 19908 11209 8906 19660 13650 16960 5644 1726 3523 15432 2541 4786 12650 17534 2413 5389 3390 5860 8719 2740 1706 13270
13119 1213 9839 9532 8242 3326 18624 711 8548 12680 10417 18549 11615 17652 15182 11361 9808 16366 4663 12364 14978 3484 1996 17240 7905 7401
13460 4381 11047 314 14902 13313 12353 8698 14690 5991 10361 7578 9323 10892 19557 18924 12157 10773 15885 12577 18411 278 10948 8560 15760 6231
18704 19169 9664 12045 19002 461 19977 17070 2731 18197 6666 2241 17862 18634 17506 5606 3878 4238 1361 3247 12592 4506 7801 2496 17860 14
3234 788 17860 15114 16666 18250 18117 377 934 14012 332 18309 3962 18088 9960 8523 378 13902 8521 13569 3220 5322 17462 15754 19565 16646
1209 13403 6232 7852 12294 13040 7156 5056 10153 17395 9601 9560 5390 9246 10599 12098 391 16708 9340 11850 4415 13428 8125 3990 4984 19814
2531 6403 19041 5722 18539 12010 2070 15177 7015 12561 2390 16220 9022 18593 14964 2061 17541 16239 12618 14519 13733 9354 8576 17959 20 9407
12528 5684 8585 11321 13206 11727 5253 1618 19490 1469 5515 19434 14152 11903 16331 9325 15303 16725 19208 8285 12932 11711 16106 10446 16860 11476
5374 3583 19389 16445 15 8676 13501 6671 19737 11287 10727 315 9805 700 8777 7363 13345 2319 14917 19649 10479 10042 5247 14778 6378 11440
13076 18277 13258 1 9202 3246 7151 14158 1290 8676 18340 19112 13816 1658 8672 7541 2714 3765 768 5769 2342 6186 11258 16508 11502 12307
8429 17202 5128 456 16758 15571 6889 12312 5578 16970 16487 5395 6474 13577 9660 2890 14991 9565 14375 7383 19105 19403 15997 8647 11981 4161
4408 392 2197 3457 9256 10480 17020 10244 12335 10219 16755 19849 13470 11367 617 17672 13639 2904 12412 7945 15914 17105 13822 18474 12774 12966
14798 1250 11475 3693 283 17244 2763 13364 18657 4866 17246 5794 1889 8843 9950 12530 3208 13663 19265 19471 13799 7690 8662 15131 4171 1771
611 12838 4942 11373 3145 16630 2887 7204 3336 4565 9373 3997 12233 6266 1888 10564 13996 9938 6872 1067 19355 1102 15151 14348 11886 6003
9191 2003 1779 17306 8851 2292 16316 1330 5212 1633 12723 8234 7318 8173 14349 6208 16486 13986 17048 15763 18181 134 5334 5338 8081 11763
14942 6121 6829 10588 9514 18071 1009 9028 14750 2605 13499 17243 10029 11883 8454 15692 2353 14672 4074 4942 14183 533 4708 1793 16092 1456
19691 7410 4832 11209 6117 17249 19591 4807 4735 7437 16281 14351 14109 6944 5836 4008 3546 16729 13200 16563 18932 19677 17412 6940 384 9610
19766 11786 12840 7029 3521 8376 17723 19953 13897 19147 866 15185 4962 16032 13186 2303 7395 13427 13728 18203 13238 12144 15397 12537 1604 9189
3431 9164 2067 17998 18641 16221 11940 13092 16617 8972 364 10060 17571 17398 14236 10658 19291 6454 12432 18827 4382 11476 1060 958 10506 15736
14325 11703 13227 5486 11635 7592 3719 17181 11480 1171 9948 17213 17158 12157 7596 7154 18104 1116 13284 12194 19819 4661 13857 6095 1848 14233
1758 10361 5296 4416 13245 3808 10516 11798 11826 8988 17786 19887 16625 18739 15466 7235 18898 10414 5671 7294 18709 7638 2005 17169 11122 3564
17360 9090 5037 6454 6721 15696 18450 9010 2548 826 16049 9317 5526 12101 8438 7343 18849 610 7343 12492 12678 2471 4593 5806 18231 16467
287 17640 16645 8004 5011 7525 2848 13660 3972 16628 11802 3005 11050 2289 2507 13715 14755 10954 2083 3089 6364 19756 5545 19182 2921 16649
7634 13039 8458 5450 3368 12052 19533 16048 6648 15894 18484 12861 7000 19110 13816 10047 6887 14913 780 11982 19816 12079 16180 19943 13589 11829
14697 10699 17461 7356 10472 15641 8516 10181 15291 6171 17326 18767 16885 11197 4215 9026 13308 10066 4428 19394 16560 15617 12011 5481 678 14783
17234 16686 17264 6851 11880 19057 655 15252 2842 2925 4527 10634 4152 14657 3862 3623 8676 15168 4789 14719 1667 12838 18220 14626 15403 4871
18168 333 16504 6425 19186 12296 5429 14552 17167 2793 16917 589 13165 8414 12270 4333 17398 1192 17967 19007 13879 2432 15229 7321 19003 14959
10531 18303 19464 16278 14291 12969 6065 7391 6001 7111 793 8961 1591 7353 7655 7534 9460 897 13586 5641 14796 15782 685 6636 14420 6061
