365
60 45 70 3 56 24 11 70 7 38 47 60 48 36 19 100 28 50 45 6 3 79 24 37 22 33
11516 17425 6383 1927 3410 15011 8077 13479 9165 5099 16508 5163 7 12666 15968 3694 11403 4164 64 9302 15696 650 14132 3 2630 4206
16039 12721 4438 5428 15812 645 16722 10530 15504 13686 7660 19850 198 7721 14455 15288 16940 12480 14397 14578 11907 16365 11431 9729 4334 7423
14391 7335 8897 12087 2171 7486 17973 10349 10731 2669 7697 16100 2337 1101 2740 3444 10709 16386 15552 14591 16225 1586 13139 12407 15628 10063
19643 8440 2708 12176 13754 7380 13543 8659 729 13567 19239 3335 10982 7613 12154 5691 15027 17361 14617 4231 17242 13981 9299 3073 6761 12713
11079 17811 9900 3285 11551 7425 8992 6065 16763 17937 10358 14195 15823 6852 6457 13638 9547 5608 5736 16441 7162 13192 320 11946 8681 14571
21 1901 11078 11927 880 11867 17824 8694 8468 18868 19390 2988 14426 3207 6111 16228 2030 8680 10859 3582 4960 12732 8577 16178 1313 2646
2058 13221 2540 16916 15681 4264 4204 16568 15789 9552 6278 15029 10065 2442 19965 13954 18647 9010 2683 3480 17226 19441 4688 17935 2785 10370
363 3294 4890 6507 3974 2715 19325 15929 10921 7027 11205 15787 459 1483 10509 11245 4432 9091 18530 12513 13987 7237 19203 250 15034 3656
14800 12898 14081 13312 11856 4575 5888 5998 6233 7976 19542 14249 1709 17134 1525 7530 19045 19445 2015 1042 12382 4702 10639 18096 7463 7048
14920 585 19381 4074 2318 8785 7136 6009 18667 9766 12393 18155 15588 9776 13221 16978 14853 11201 4457 7091 8192 6699 4222 9948 5412 14551
3273 7051 12563 11395 8136 13254 10390 7011 5626 543 772 2340 8219 10395 12753 2402 8172 5490 9029 347 2909 6877 3727 15900 1482 5434
14758 9632 5362 19710 11471 9971 6146 12913 265 27 7151 14842 1581 19012 4781 14065 9521 11643 17069 10491 311 600 4031 15465 19565 14755
5154 11519 8428 16265 14818 14135 1566 16051 10548 18356 1729 1445 8017 5050 12312 14166 17202 17118 6920 4228 16108 11772 1975 8220 17850 360
19755 4904 16980 9734 6666 1010 6423 12885 19829 18220 8095 17731 15611 12443 13310 19627 15037 3748 3925 7845 4573 10657 19282 18842 14983 6824
8915 18105 11175 3300 17054 14062 6275 5279 8693 12087 4380 1147 5912 7426 2939 8581 4636 1088 1033 4915 13294 16176 3141 14791 18365 16214
9297 3009 11477 2316 3815 16618 18613 18145 14115 16805 12189 4047 18974 10419 16294 11801 3076 15547 11119 8296 12230 16236 7307 6331 15354 10043
19313 8150 462 16816 13556 15805 5053 10291 3556 17071 8169 9526 14162 11500 3215 15004 19705 16393 12343 14839 18631 3908 17202 1454 4570 7137
16921 19082 10096 7971 7644 8388 17978 445 364 6092 15085 14888 11876 14104 9566 13809 9111 16246 373 12976 17516 10353 17979 4965 12381 6671
18587 8125 6419 14028 11061 15651 1925 2537 19654 13508 8306 3695 6884 6431 1828 16590 14289 7762 15688 12580 9510 10518 14078 16635 4548 16395
8956 7720 11755 16610 3922 11780 12007 16513 3882 9045 533 14481 5593 8043 9688 14282 9033 2591 2560 1342 17747 15181 2085 17939 3076 18092
18892 16205 15725 3641 1702 8571 8739 6180 7522 1197 2905 141 353 13196 7577 17790 5929 6395 17357 17527 11017 3237 15681 18543 12553 15418
3746 16342 15490 9651 10786 4584 8848 12818 7534 11347 13638 3785 17201 1960 2404 2121 16113 20 7506 10053 3050 9148 1937 949 4690 18567
5611 16765 19270 17464 9388 8192 5400 15390 15491 10274 19076 9340 3714 7556 12424 4530 1032 17173 19396 10629 7626 5716 8895 17852 10788 3208
15570 174 13278 5416 1006 5646 11354 17112 2375 12650 10850 18018 5837 6556 12283 9357 12889 11515 15680 7338 18844 18614 4876 18771 18893 16832
1699 8013 18581 1340 19071 1352 17667 13895 16388 3335 16146 8541 1465 15981 3979 5399 3040 10082 6069 19097 1624 1335 12073 18833 4935 11846
17334 15435 8309 13988 18070 19161 2945 3767 10737 2714 2367 15555 6466 464 12327 11778 13062 16039 9567 4935 4403 4715 11311 11476 5559 10087
2727 14442 12801 6093 6223 723 4516 19729 11163 5894 17833 6421 6572 7299 13826 17425 1995 8066 12809 9972 15687 6911 7158 2518 6172 15372
5531 9918 5646 17074 3406 3036 13632 4798 16643 15767 5727 8738 18023 2553 18812 10240 5271 10372 11267 12985 7252 10212 15435 18501 1708 6399
19963 13999 19741 17125 16277 4781 7482 10415 1805 19291 11086 1133 1865 3040 18726 4532 739 2880 13594 718 9604 13643 3940 19805 9945 19982
11333 16102 18117 1374 9341 12742 3673 11346 16070 9198 4123 12044 1068 9318 7170 12411 18251 5351 17838 10017 16491 3829 15782 16824 19635 1781
1087 1156 10162 1950 2540 9138 10294 10887 9975 1137 19538 11950 19474 10309 15746 11193 1116 5340 9845 9289 1648 3729 6999 9018 4070 3516
12486 18167 197 3564 3978 3547 13742 6275 4256 14424 11293 11403 15076 19640 9833 11145 9766 10239 12721 19241 14853 16471 1299 18482 962 17159
12426 19107 8921 11317 2672 5406 7960 545 420 18648 4373 2823 18774 10982 8685 18208 9230 3590 6775 18631 18863 10542 4943 12295 13335 9306
5938 7220 17574 345 2690 18448 85 12045 5154 10965 1672 7152 1186 2349 999 11807 18375 15744 6578 2649 17653 12129 10072 2465 14701 13399
18786 17371 14134 5582 8085 14647 3877 5427 17571 3534 15315 9861 6856 8430 5779 8262 14722 54 7359 5301 7520 16181 5334 8586 2550 18024
17789 19465 3297 18020 9661 4712 8554 4431 19851 10048 18746 3755 15220 18416 7016 189 1620 18850 15398 2670 7259 12856 10801 19473 2387 16350
14907 11713 17505 9324 10745 4845 13650 14786 5303 3406 3349 18824 5593 14905 10936 14725 16625 15404 340 17567 2575 11426 17987 10679 16709 17798
19602 12460 14630 8816 13616 11699 2393 11417 7987 18428 13804 3455 8339 5988 15907 6196 14098 1917 18066 6606 13588 7486 994 12436 2296 18142
11547 19353 574 19559 17478 10506 8060 14167 10514 1376 403 10744 15249 17230 4721 18180 10077 8981 4296 9922 19688 15199 8143 10066 5973 1858
17966 16222 16312 19921 2590 15004 4728 12968 15242 16282 17219 12028 5605 4167 6038 11552 4191 13683 374 6202 3655 7230 1135 7025 2901 16791
17321 2880 17977 5872 12514 17096 12588 13485 16567 13112 704 15669 3635 7185 2490 17011 9526 6563 10298 14292 9587 12855 7150 14073 150 9349
10869 2056 14663 12875 16520 6564 3985 16950 2390 14914 5987 5201 1505 15058 5352 12658 9004 6115 14843 9944 14937 4360 18860 16592 1523 1740
949 18610 305 17332 6460 5605 8740 5211 9180 17869 15145 5248 1666 10091 10431 5027 4881 4648 3569 12139 19230 7889 3624 7197 13889 18049
5934 12460 15994 16058 8320 6316 15445 5297 11711 5891 13073 6886 13 1846 17764 10826 4536 5548 8045 19707 13195 14597 17535 6441 43 8359
1203 10138 13698 7728 9712 3248 15888 17030 12061 10962 1235 16391 12637 5111 6597 13419 4293 6437 18048 4812 9786 11086 19764 13820 1654 4580
18534 19672 6500 11805 8224 7186 2444 17801 10318 2265 5505 12913 19450 1900 2395 17375 9725 17250 4391 17106 11800 1114 810 16250 15749 18102
1427 17448 6314 17159 18610 8547 17216 899 10509 763 6918 12673 9813 1959 15717 3375 18213 2992 2560 9180 4708 8260 11735 19518 5300 8385
9899 10305 1365 7632 1084 5935 18312 15474 856 5768 6297 3927 2482 18879 5110 8272 5887 8541 7976 990 5600 6507 9012 15640 7778 13449
9530 47 6367 4527 13246 7761 18574 15832 5612 5627 14625 3786 7096 10884 4928 11908 16513 10443 4570 4016 17920 10882 19813 10816 781 16503
17155 722 4348 17990 13321 18078 15829 4803 8861 9158 3507 19737 16730 19859 3036 17141 8098 11086 10614 19985 2496 17184 15847 19337 13639 16025
18760 18036 2370 5003 2810 17285 5895 11887 471 1386 16116 15891 8953 8137 16565 6885 9813 6292 15645 3775 6721 4813 3890 1322 9997 9764
10043 5326 5879 8034 5915 3695 652 14686 17291 3340 15415 17855 7331 9004 1019 1615 19896 17634 10062 5162 18686 18661 10197 6170 5311 7314
6095 5215 17365 13726 3446 7117 16752 19101 156 11540 5195 8015 12665 7080 7098 2312 14123 1477 18947 2597 4898 6238 1990 6531 4369 12023
17194 17069 5433 4976 19595 4861 13876 11005 5035 17858 6061 556 1996 625 8063 10277 14660 6939 17773 19203 7597 1729 16607 13105 10356 5503
3761 18462 17117 5698 5335 4297 5852 6303 2907 16148 10938 15709 999 6637 2486 18716 8724 6081 3989 9870 1423 8355 13793 3502 7822 19892
2631 3649 12332 9852 15444 9137 10951 2986 10851 17480 17568 10665 18857 5980 10823 385 16198 1619 5737 16051 4881 3192 3857 11090 581 16241
807 2817 3669 3357 7646 7896 7591 9622 18545 14787 2011 9313 2539 11987 4105 4100 10829 2870 10178 5520 5903 2614 9934 12410 10165 2267
10919 11231 3747 10341 16464 7915 1659 6145 3339 3391 12984 11497 9794 18428 19677 4288 11464 8150 8897 12731 2996 13757 1630 14126 3542 119
6165 6839 16172 15774 12677 15118 6836 7349 16326 13444 3518 6886 15129 8977 16304 19515 3306 13298 12394 1469 4337 5763 18383 9017 6091 15247
10864 5249 8830 16844 9204 15046 11859 2856 10241 16653 12774 620 4443 1853 14193 19607 3081 7982 5555 373 10460 16456 13303 11983 18410 1745
6106 15162 7231 2730 9229 821 18681 18096 6514 7008 10807 3573 11561 18025 13739 9600 13116 10854 1694 2845 10810 16181 7466 1975 7879 7953
8097 15185 12881 3260 16364 1624 3221 12094 1093 11451 15838 1233 8877 4 8350 3664 1723 44 7443 19024 8998 4741 12910 15178 3276 18061
19328 16853 3711 6834 5839 8991 19160 6521 4589 8413 16971 10250 7881 8081 5237 9280 4900 10332 12327 13377 1305 19145 7203 13312 5450 5015
18561 17890 18709 7001 17090 11493 3873 12849 19144 4269 3201 19478 4575 7214 1832 11111 17562 43 19645 13830 3509 8064 7398 7760 4313 11868
15758 2060 3117 4072 5969 5036 5944 9704 14723 9752 11140 16511 9825 18497 19840 8912 1085 17396 7406 283 3398 17888 8208 16468 12025 14275
14649 10812 4403 3854 17351 12161 4531 7184 3022 4329 16059 8455 17117 8308 930 12236 10593 18997 5479 14288 8791 638 2142 10227 9886 1392
689 19246 4045 5399 4301 10910 16797 2036 1469 18629 2455 6727 15962 429 10869 13522 17585 9651 8692 5175 19360 18824 5908 19179 935 10685
11555 18890 19760 11893 10873 8358 17047 3363 1963 15988 13960 7590 16048 7894 11744 10081 7191 3340 18501 5931 14928 6753 6576 7350 2878 19325
10279 12108 10864 11193 17601 5997 4835 16222 12262 7593 15381 14424 6637 8901 15582 1586 17735 3893 17990 3630 13221 8030 13157 14517 9783 9013
16234 13911 1580 19178 3060 7975 953 4970 12932 11361 17025 5442 358 8932 9017 3000 659 10950 18969 2249 6400 10030 7160 18484 3443 4119
15921 3764 15307 8300 484 8656 15093 16469 3449 16426 8487 12962 19678 9934 13483 16459 8310 13144 16111 14031 10248 1293 18976 18980 17508 9558
4872 15008 17287 5056 15698 17132 5425 18789 15925 4627 10245 16974 2468 13460 13436 9067 11689 18818 17395 2708 4267 15639 14756 1619 6230 15800
18017 7118 8675 6148 7701 19477 17998 18230 15103 1818 13320 10047 10990 14954 6704 10811 16809 14797 17043 13443 10199 18886 11513 10557 7704 10039
12828 5693 19258 6958 16496 13377 14568 15657 1472 2275 12106 5182 9503 4027 1462 7074 3165 16525 138 7328 19589 8571 10496 13228 9785 13892
2427 16100 231 7826 8213 18008 11112 12697 7234 6083 15237 51 13532 17799 8256 7772 9874 218 1899 8861 14354 11954 4513 5326 1327 6744
1969 10991 17932 19856 19310 7550 16504 8290 18765 4320 9048 10005 18411 2773 8506 917 6201 10993 15432 14960 14851 7974 4655 13720 14919 6655
18827 11341 4581 9478 18935 19623 3988 15121 14660 12635 3452 9706 11762 10452 3418 2835 14545 4585 13641 18467 19894 8180 7548 15084 8781 613
1612 2266 15383 17162 11674 7528 13479 19744 11066 11727 1251 17160 13218 1392 1429 7571 7943 1392 17126 9544 15394 2632 1340 1694 247 9613
3138 18251 3957 3718 18105 12894 17977 18403 2787 5333 14380 18908 2606 11970 18259 6401 4747 15352 17070 9639 8701 15591 1759 2310 46 10702
7261 18245 11292 13664 10175 8400 10252 2219 13080 15733 6095 9762 6149 19573 3328 19090 12509 15882 5956 7133 10530 5052 8998 8571 16728 18341
16569 4635 7039 19579 18228 8499 9249 10964 2993 7885 2287 16436 12488 5475 770 11576 14216 19415 5514 4726 15108 2509 7144 8934 19378 15234
12443 15746 10847 13134 14293 7885 5041 16095 14149 19932 7333 4682 10671 11627 8221 161 17208 6889 13715 6198 14265 11130 6060 1800 409 9020
19760 5438 12393 17768 8738 11955 19742 17028 18154 4986 2560 7156 2050 13034 9022 841 14472 16507 16953 6441 1848 18461 1006 15473 10099 13386
4818 13055 11781 19061 14266 8944 138 1174 6414 17651 18009 6937 2442 9088 4229 6222 11957 9175 6301 6843 5314 2644 8364 5129 1757 7180
16377 18514 11063 19053 10817 7856 13138 17776 2670 9013 19876 12889 14006 15128 11504 16716 12137 14119 15152 14385 3180 16740 5362 8946 12674 9667
6106 15577 3613 5567 18463 15850 10476 8691 7601 8630 8690 12219 1281 1227 7896 9180 19119 11175 12783 1518 19411 8224 2584 19992 3664 7337
7955 8747 18391 2417 17151 4216 437 19421 4377 15252 2188 8056 3614 15401 1738 11537 14172 9881 13415 2391 6760 9551 10858 5170 16001 18405
11915 11219 13984 4803 18204 16432 2854 2704 1258 7219 15540 18450 18117 3312 1743 5379 12416 16384 17281 3249 85 817 7090 6473 12317 18544
19828 16346 14477 14615 16327 9540 16920 12550 4449 18293 10032 2025 10801 16092 10813 1963 12235 108 6485 16519 10036 13072 9586 18731 13425 1970
13714 16184 3526 16712 9092 4479 18576 15505 14967 452 18898 15401 19547 12389 2292 2592 10028 2005 14332 12549 18988 1119 19953 9790 10381 835
16728 1587 15806 16074 4274 11061 16042 6410 9219 16009 1985 14092 7794 2055 18108 16464 10524 2171 1525 11470 6860 13567 6134 319 5160 17827
8813 18567 16933 13614 17299 7720 16980 533 3520 16342 6113 17997 19614 17826 4681 15406 16176 13893 6954 1757 11303 3090 5027 11669 15207 7598
12825 5322 16412 13696 16576 11281 16775 18927 17977 3968 2832 9006 19593 10075 7186 12734 8209 11850 12412 11287 13282 1813 6486 15794 2929 888
8244 2891 15578 14724 3464 14538 19002 6222 18049 3907 5044 15744 13303 9349 15077 7683 16554 19471 1616 14000 15963 15292 15614 14995 11995 7675
12165 14899 2423 11247 7487 6009 13548 7590 18388 10099 3514 11836 9427 2542 18810 19565 7559 15711 7072 495 13079 9578 18330 4737 15237 6191
17772 19228 13209 17884 10543 7189 8492 15024 5562 3642 3503 18976 3279 4845 18724 152 11005 6244 4261 13876 10666 5295 18122 11634 19060 2672
16403 12271 18605 16880 8636 601 16342 19745 16125 10516 19086 8323 16995 17632 2423 16946 17383 17909 698 17851 14650 7099 18548 17528 15420 14782
7300 13013 13560 8916 18513 11083 7725 15353 5174 12935 7795 11553 12391 1811 13814 16490 5124 14860 3016 17853 31 11083 16568 7674 9496 17756
8333 7498 13503 2865 19211 11629 7817 4872 11836 517 7162 14194 9451 1565 8499 3254 19544 16277 1587 5199 11189 5474 8414 10735 2096 15645
15354 9512 7726 14285 15975 2994 18559 11042 8191 18499 4928 3882 2633 13185 945 3027 6635 4059 9858 13041 14812 9204 4840 19054 2960 14643
1547 6428 16136 18545 9592 15878 12234 10012 19868 4356 2570 18917 14687 17108 11013 9778 7650 470 17085 9072 14174 9699 13289 13410 13589 14236
11677 4796 10907 8398 10162 15613 10952 5178 8647 8099 17822 2719 6147 9739 6113 8960 1166 2816 3921 10267 16047 12285 925 17372 3568 16744
4231 2268 3257 19481 6343 8008 14483 1909 19926 17673 4547 14607 3573 14930 1261 14156 4854 18614 5088 704 1349 7163 10001 1039 2508 12319
12638 17644 11136 1558 11698 1255 13818 18984 1472 12859 10472 16426 16220 13889 10723 18008 18407 14569 12672 8072 10421 17834 2969 3330 2720 11972
6206 11636 16903 13307 2039 19555 7687 947 1299 17028 19068 17530 13404 6063 3164 12646 4138 16514 16096 1373 415 2328 11434 6466 771 2355
19176 17650 14521 17504 18885 13006 13766 19281 9164 11949 14262 4856 18787 8799 12609 18859 5213 19105 1042 12120 13132 546 7552 11200 14509 13775
8881 7786 9648 5099 12826 6667 4372 4634 15287 11698 7951 8316 18779 754 8930 1294 18943 17548 6922 16243 6467 3763 13117 6685 6210 2973
4305 19817 80 6356 13854 12991 12222 16253 8053 6785 8137 18575 1464 16785 3852 14081 6824 4960 12266 3885 17619 7807 6798 864 14292 306
1858 14902 5693 13136 14431 4286 4517 10652 10587 7198 18867 18242 11824 7788 9693 7720 12543 12729 14850 14502 8497 11661 17837 6601 1063 14462
4739 10072 10804 4254 19965 10841 9194 2843 18060 3732 5805 8371 16152 15252 5409 13529 5804 7571 2491 8879 6600 19833 17294 15597 12833 3054
8909 15373 11765 8407 2140 4789 19524 4491 3897 6991 6603 14446 6518 6440 3974 10915 6334 14213 18925 17139 19420 7677 6106 8645 18809 17671
17390 19212 536 18889 7868 5816 9916 6379 2746 9424 4565 6938 11694 2987 8807 13117 10339 315 16027 946 16786 4620 7300 7780 6125 354
15138 12976 6094 12836 18415 17898 18678 11328 17860 4163 16766 2468 11554 15364 18590 14271 6486 4948 10760 4569 17411 18732 6894 5937 15673 13392
18780 2559 18657 13480 19404 4182 1340 8565 5917 11752 877 15371 17886 7387 1521 19995 11599 17620 9287 10326 3070 14322 17547 49 12730 1008
12680 12424 8014 10222 530 9313 19364 7885 13468 5607 9655 6957 16275 12498 17921 5332 15380 14680 2639 13161 13374 13391 13159 19511 14165 5668
11704 8855 11600 3854 10243 3448 13794 13303 17009 8967 3317 17593 15030 13513 19361 6796 19221 16661 15996 13844 6146 7588 8661 1863 7665 11338
16664 8240 14193 19052 3060 1550 17914 11877 5404 11448 17071 9400 6698 14601 2715 18055 1221 2360 11161 14129 17097 2882 18514 3876 13453 15318
17679 4079 19421 218 15195 17157 9386 6617 17202 14824 10112 4656 1400 10177 17019 12502 18903 339 17595 9941 8745 1257 19700 1306 18245 16026
2918 6317 18221 15738 8273 7596 10628 615 9409 1717 1774 2368 5473 17269 11145 19032 15135 8797 11589 11974 2919 18178 12750 15911 3391 9612
17090 17362 8212 8432 9772 17566 7939 10229 15548 16856 18268 19069 16450 17582 827 8032 12691 1325 17246 3913 11861 1254 15886 9786 12872 17180
4257 19988 9782 8459 4595 6827 9646 5139 4132 10011 3989 5266 15520 409 5216 3720 19546 15470 8552 10889 1029 3125 12355 6042 17720 10047
9847 2750 15573 4041 16650 8186 11153 15814 7008 13389 18817 10275 13563 18365 6991 13630 17423 14122 9468 18694 13946 4846 11078 10162 18608 6462
15708 3799 15796 5842 5038 16866 6158 6735 12651 10015 3509 11963 13259 13698 12733 7618 14450 11568 8433 19206 6287 3002 8749 7104 2934 1549
17966 8221 17867 4070 8719 4495 9202 3653 12025 4105 17077 15631 10198 14948 330 19745 9381 11225 6946 7695 10750 16634 16005 7662 483 4336
11463 14051 8521 1623 10409 16549 3257 14365 2648 1866 11669 16742 14044 11560 19817 3572 5897 15828 17847 3694 18122 13991 7077 10176 14644 3340
17348 17180 17924 11529 19795 1791 6818 11646 7938 6142 9484 9699 18875 6434 11966 17102 16715 19869 5454 10893 9231 6151 5411 4924 4397 18745
13140 4660 2502 16935 13292 18232 9385 7542 11667 16363 4761 17360 8078 19447 3423 6837 19802 8708 16276 4925 3685 14241 2678 4661 15462 13773
14516 1619 11108 2506 15740 11781 7523 16641 10717 19950 1574 14440 8727 6971 8988 6801 16026 11718 16068 15439 2134 19451 12773 19513 15563 14035
6884 1146 2668 7031 10214 2814 15713 12423 14584 18437 17238 9072 6728 17808 19734 14062 8459 922 1573 5360 1531 8243 8507 3213 4497 2593
4148 15205 3815 13143 15368 1371 15617 14196 15104 8285 374 7304 13529 17499 13675 15422 8551 16225 11425 8041 16921 12096 10740 4288 17630 15186
11617 10824 12541 13956 11509 601 6806 12650 16279 2904 16450 10955 17653 8860 16389 13320 9492 14066 13482 14810 10569 16874 10642 636 14437 15408
5462 8452 19313 13182 14359 10254 9160 13415 11201 11840 13584 15875 17338 19405 6805 1503 2011 1618 350 1804 10500 1905 15533 12939 17336 12125
16846 2597 7415 1943 4322 14359 19176 12875 13516 15704 330 19948 12441 13117 9234 1417 11744 675 6740 12957 9622 18497 9028 5561 10361 13587
11312 18974 2931 14379 9384 8621 5644 16706 19676 4802 4824 15494 9536 7393 13284 7678 7963 14391 11940 11412 6376 12160 12178 15575 19717 10345
11516 4600 5839 19833 10410 11807 3688 14440 3550 175 4925 6307 11597 8320 2968 5612 18720 14668 14 13800 3259 10203 17996 1857 12318 19892
3696 10118 9091 700 15811 12584 10140 11777 18807 2120 8132 17072 4848 12650 5342 12002 1365 10624 19186 12064 5486 899 2032 5543 1305 13998
3829 1337 6727 10937 8984 11820 7331 8859 8165 19377 17875 19388 9106 8466 18659 18891 10628 19197 3129 18929 13057 4734 19792 4801 11361 633
19926 7735 17529 15561 10899 18508 4062 9747 2491 9937 12181 5598 133 11819 11496 382 9188 9694 880 18306 19095 7729 12644 11438 1071 13846
8671 13059 7836 11273 13794 2398 16854 19918 14222 16391 10362 8306 3583 10782 19125 12614 18497 9056 16832 1855 5347 19910 6905 12394 18955 19507
3844 566 16666 2358 17172 17342 8780 9238 980 15598 5001 12243 3346 2258 4318 12833 15401 7776 16901 5484 3504 9553 11010 13258 1858 13996
19108 3495 5230 7135 6459 8124 13005 3884 5190 10776 9894 14158 4129 14603 145 7353 4467 14565 3954 9014 504 4188 5777 7169 18303 6664
5380 9163 10684 18034 3816 8387 12030 11780 7988 142 99 11990 19986 17464 2311 12941 6892 7845 15453 4484 6655 4009 17650 12619 8583 13726
19268 13548 10070 362 6062 2821 16040 18978 14163 13631 16587 11211 15647 16778 10666 15458 14855 18110 1641 18758 6167 11475 11699 6872 457 15242
6118 7060 7810 18173 10639 2266 17754 15657 5454 7021 15116 11993 9338 18459 3883 12605 2619 6449 11455 10841 19557 8813 430 2541 11529 15638
12312 346 13964 10644 7040 15946 3993 17816 16529 14157 13112 7451 4077 10548 10194 3214 2943 14759 13081 5725 19694 9808 18539 15235 4868 8343
484 12470 9 10989 7841 8662 15748 2301 10733 16213 208 3591 17253 16915 3625 7212 4389 17119 19787 4751 5568 5678 19890 1679 1947 3278
17297 3936 10160 6662 19283 14505 15934 6321 13386 171 5853 1569 11381 7218 2433 18511 17995 194 12960 6897 974 241 889 19055 16628 5197
14645 2139 13359 6619 18450 11671 11982 9168 19305 4196 10139 2540 6791 3342 16073 14646 8872 10511 1200 17911 12253 19085 16786 1536 13867 6872
8093 8227 13332 15646 10235 7042 11638 4486 19275 12588 17723 18142 17804 11151 9560 8796 15849 8563 2561 11163 14455 16702 11891 5092 15653 9727
3623 16662 10532 6175 16417 17342 12940 15361 5411 2171 5595 16 17156 9678 4666 13629 6755 3591 10511 18209 17948 5229 5473 6337 1378 16516
18975 11892 7654 6504 11601 17268 10632 15512 19377 12658 4622 14192 12668 10474 17945 19751 13906 5179 9887 15791 321 19349 18800 116 647 5537
8117 2650 1277 7118 9176 13230 13101 17716 5513 17836 9357 8812 11161 19474 1255 17153 5157 9820 7345 9643 10431 9367 4088 13706 10693 3099
6532 19475 9940 4915 6024 19439 12190 13572 8384 10702 202 7104 8273 6237 14262 19417 1308 12297 6002 11775 19218 11501 1965 2532 1041 2596
6127 3317 4413 15546 18375 1289 1855 11301 4954 14164 10722 1879 8029 568 3410 6382 10869 19541 6528 9429 9330 2858 19126 4892 13964 16487
6577 19312 8294 9357 19963 14996 7978 1911 8743 8758 2070 2459 15033 795 19381 12555 294 13515 11813 456 2662 12214 12487 15570 3888 9751
15732 15204 4226 8771 18894 10681 866 13254 17914 14891 11942 6724 18547 5772 9679 5440 18214 9191 17709 217 11104 2025 10592 8599 17479 3610
13927 3008 18055 9263 7143 18544 10194 7812 17156 4296 6939 10681 13045 8452 16744 13335 16779 9059 5186 17075 12760 13164 7821 15740 9422 5930
3285 14800 18607 18345 13259 18503 11759 8884 1834 7548 5666 6017 15530 19037 17442 16463 4284 7477 7551 19231 14681 19194 14993 19157 9967 5848
6678 196 13001 16268 878 16341 11032 12622 13687 6781 18959 7789 722 19708 19007 1783 9494 17653 18578 10982 6830 10513 2950 16526 15044 18725
19172 11276 13754 9873 584 7714 2167 17973 15160 14153 14884 13690 3577 10216 18365 8989 13915 12307 15086 14217 3803 16784 14703 2451 502 662
5690 2815 9929 533 8478 7945 1721 2074 17778 15944 18419 12656 15202 12975 13044 3969 17275 19495 6684 14191 14966 14900 10169 11146 2465 17657
11957 7206 17345 11768 12065 4572 19240 9140 2382 17059 4023 11377 9627 1463 9810 10952 19319 18015 14154 4049 16902 6441 7056 3382 189 10805
19084 13384 590 18484 801 15971 4091 5298 17919 3385 6162 8635 6424 5927 16940 3605 6767 3690 10213 17872 15311 2609 5870 15094 2604 1399
14588 1198 15532 8226 10959 18136 13346 17882 17609 19986 5962 2758 15346 15752 15538 19075 1598 18935 17513 4503 4650 13288 16849 17866 9272 16556
5049 10040 2878 12464 11607 14050 15614 5978 19457 19502 13186 16953 6722 101 11313 13765 9946 16982 7570 643 19652 6987 18491 3994 15940 16618
14084 18416 11912 13808 12481 8576 12704 13901 2517 16461 5012 3627 2125 8850 10332 11263 10759 2804 5502 16086 7360 4161 2058 13607 7507 3856
1529 16709 848 8631 13287 18786 9935 3050 14017 6048 8705 2096 14373 2708 6612 6523 8284 5553 1433 5814 13694 3858 4962 11410 17260 3308
15826 3253 2053 1560 18045 12561 2055 13053 19914 3427 1722 1312 574 4692 18432 15673 3821 5904 19623 11996 19077 710 505 8595 12812 5400
4688 1213 14781 10352 7944 10440 4074 7948 12259 3060 15004 6509 17788 10360 7062 18683 8072 13219 19881 13675 9259 12477 16229 2674 11059 429
14914 10462 6806 37 17667 4427 2545 1210 19928 7961 14492 15199 9192 14926 3347 1256 10420 6409 11843 6062 17306 17590 12819 9427 16283 2940
18484 11350 19794 14235 8527 19003 2391 16519 7522 17240 2212 11736 6291 10835 17224 7903 17949 17746 15677 6677 15587 2000 3013 15623 4448 18844
13558 2020 12773 14741 4043 1498 2244 8368 7539 1894 6053 17731 4204 6066 5763 6633 9656 4997 13617 12627 6703 10463 4094 19803 12875 2179
5755 13551 5512 16530 11462 15287 10821 7963 15904 15040 13098 13307 4414 18235 2198 5410 18481 9226 13042 2620 5997 7255 89 14773 6803 15245
11707 1375 3421 946 12371 7745 15610 12163 4331 4431 9270 11601 15968 11215 3116 3722 979 2951 4641 5235 1585 2812 17320 18748 6803 11802
14017 14947 15105 12301 13279 14090 317 17108 16576 10727 12160 3892 17124 16737 10766 13918 9431 5162 10585 12518 17201 10437 18946 18257 9871 13660
202 10542 14637 1352 5799 6459 14736 2432 5193 707 761 16746 533 5340 1730 16303 4380 2785 1424 8806 6051 695 13935 18942 4874 19523
1938 12526 2820 1767 14937 1335 17321 6022 18638 987 15486 5014 12406 6775 12746 10692 10192 3670 7074 15837 11892 19168 7367 657 1069 8586
3808 2864 2600 843 3628 1013 10190 2795 17134 16078 1284 13810 16476 11744 17354 13399 8386 17185 1379 7210 12703 8935 11842 12896 11082 19429
6471 2309 3371 15998 1077 5306 15615 3582 2195 4220 11654 13263 19737 8672 1495 7130 17859 14357 5460 6216 3881 10328 17037 1882 19029 2134
11898 19203 16898 6562 14357 7210 19634 18634 17357 950 14696 6843 12353 10650 18388 7233 10097 18709 16245 4079 5473 3516 13970 8218 16525 9054
2378 14313 17039 12991 826 16050 15949 10917 2534 2592 18156 7834 2917 8112 12565 19840 6245 5623 11017 18610 6584 6621 2680 2996 857 7810
12298 12554 17540 11684 11492 11076 4869 15958 3675 19964 16986 17214 12687 14450 3464 8669 7249 18515 12175 4786 2842 12163 2835 6482 2013 15205
10613 18555 7320 2546 19721 15964 13259 3879 16370 13955 7816 6162 4663 10102 16807 7174 6476 17028 16213 1945 925 8635 9653 16923 1605 8148
16669 4 15906 4242 19988 3780 15820 6876 10050 13482 14185 7031 14768 2486 8402 9332 19473 18379 4058 5582 5841 2776 11062 16472 19097 16695
1342 13370 10518 4322 10375 10266 9430 2841 17388 12548 7347 16865 2441 3282 14145 10535 18462 17438 101 15520 5470 14421 19940 19305 16399 7292
4600 18847 15756 10295 5323 14224 5844 18092 4715 11591 14743 6669 16440 16084 16705 10111 9131 11254 5248 14564 3336 5966 3312 19808 5885 8196
4303 5995 2220 16738 17496 10722 9235 8793 4676 10270 4000 4564 5927 10494 7066 15750 5011 11815 11774 9939 8754 292 4879 5523 16076 7275
17753 1397 11189 18257 16027 19307 6934 15752 11553 19614 2891 7057 12383 16340 5746 17481 15692 1430 1631 13543 4997 19456 11128 15594 12536 15359
19640 19759 8626 12324 17 18220 14339 10843 17931 589 13263 10370 14077 7283 9982 14834 4818 15119 12746 9385 6301 16874 17995 12158 2460 2983
17182 13101 10475 19154 14248 18830 7822 1738 8433 14540 7220 19236 7794 10561 7322 12746 6165 10187 555 12923 2635 528 535 6191 12783 3990
8018 18119 2557 17128 13181 18125 3024 5467 12906 11887 14661 816 15742 1787 7811 3419 1293 14281 4325 18222 13671 13998 9493 12331 5335 7425
12144 10129 7347 2593 15531 4256 8299 10144 4099 151 4678 12153 13822 18466 15517 5365 7353 2717 12705 6086 6080 5938 11585 5482 2076 19936
15663 5137 12435 4284 2484 16705 3929 4565 7325 15601 3508 17509 15134 5222 12204 18476 3959 10528 176 108 18558 5457 18278 6360 4861 7427
7982 13996 12102 11769 14955 15907 5440 19075 16158 8800 3784 14326 3951 15994 6759 19135 3809 5245 14998 4159 408 13562 17788 17697 14488 12130
14796 630 4544 6437 7083 15608 6662 11359 976 6691 1516 2488 14560 7092 16419 18464 6455 10828 19819 1702 19014 17734 2008 18469 2426 11003
6870 857 16151 16001 12245 18246 19997 9923 823 7900 1088 3545 1225 6869 11476 1396 17400 18097 19026 3953 17346 4057 9333 14099 8540 7720
1207 13284 17658 16559 14399 17737 17258 3178 19247 16833 9372 7346 18076 6472 19244 179 9855 2386 3478 19376 19657 258 5228 3197 17930 8615
6308 12165 2740 1269 15451 2111 14518 10980 12930 5373 4556 8298 16354 2245 3764 1325 1490 914 14107 3024 13649 17594 9704 2558 18058 11664
13531 4262 11727 17559 2153 6950 9196 2320 15370 15549 10165 8444 17911 14900 1609 6340 595 11713 14929 850 10195 19573 16286 16513 12506 2149
8292 10879 11065 19975 17355 14147 18760 7531 14118 2106 3851 2107 11126 15883 2369 2475 15591 18036 7963 5736 10901 9189 19809 5862 18724 10623
11669 7309 19762 10334 11314 16468 19251 16621 5364 19552 17966 941 16263 9628 9075 12106 1739 9998 3807 15445 2251 982 10421 4169 7865 11064
12975 10204 8206 1003 16924 9444 3980 2129 9458 1615 19691 11027 11365 4681 1878 7245 19733 17862 12061 12923 14287 16849 8464 19514 15879 14813
17391 17043 18971 6327 1460 2832 9899 15056 3057 18537 4595 17146 10952 9158 12025 8030 17722 2647 3584 7869 9443 6511 14247 16868 18121 19128
17589 10567 4519 5336 9477 11579 17521 10915 3711 10078 2296 10941 2371 9388 2347 15933 19390 12361 6917 6346 5435 6761 6208 2132 7776 18668
6353 908 7098 9062 19447 396 16350 5419 11841 17672 1264 17342 5418 6673 16366 19992 16037 18312 8240 18008 8369 16351 3706 4226 16693 10862
3893 1129 6169 11376 9748 17554 1322 3023 7996 19839 14914 5027 5408 15973 8262 14060 3243 14458 18594 18401 53 15304 14600 19498 8230 8744
12826 8356 14573 13054 14580 19119 11653 7230 6177 10998 7759 8236 14161 10048 1096 6151 13373 5205 5309 3149 505 6774 3 4570 13879 194
4724 4557 2848 9465 7582 5401 9941 9655 5200 14478 15678 6785 15527 12261 13177 2545 4178 14185 1124 14048 13586 1069 7006 3245 10834 1590
11023 14581 10289 1455 4924 7474 19810 12919 9497 15822 18744 9441 16096 8132 15796 15597 3914 9246 4265 8844 5362 18022 18409 15135 18055 19066
2947 433 8083 3458 5700 17646 15375 18337 5037 7366 14524 10201 7954 7276 4196 16318 5267 14184 1646 14368 1059 15529 19415 6232 10631 3893
8423 13981 13045 4200 7886 14748 8321 13150 15694 11797 10731 19231 17548 13043 7237 14133 2597 228 6564 11689 6928 8342 5409 16375 9734 9142
6959 8724 12619 17367 14507 5703 2603 19625 6962 4584 10945 6070 5816 8767 8508 9948 14092 17700 17071 18927 451 12708 144 17057 13933 3929
16148 3766 7053 2987 3596 895 9927 5302 18072 12344 19420 2873 2261 7774 10823 4055 3837 19157 1268 12418 2392 16221 1758 14983 15605 15219
14037 13349 9691 7276 7558 7531 10927 18323 10790 3238 8502 3039 3646 6722 17072 15359 7681 3435 19526 18103 6727 10352 4567 13310 3641 2663
4442 1532 5748 7846 7964 2344 8544 10265 283 4898 16938 17982 2028 17891 13049 9142 17209 18879 15771 1233 17352 15259 9728 15521 3124 5925
1068 3945 14634 11892 12446 14615 3659 16885 18106 17078 18220 14472 347 4646 16103 6488 4305 12785 19120 4149 4280 16595 14198 5977 16736 17999
10597 6639 1099 6643 19884 15359 17509 16973 13907 11578 3783 10736 6520 4686 3534 8343 6975 2732 11924 4994 9185 17236 4866 1546 5029 8514
5266 7498 5176 725 10361 18208 12760 11794 14353 11342 2823 2207 1247 10157 19933 5784 8998 17265 5937 8107 14365 3072 17688 6622 15255 965
9558 13772 15126 3117 8326 9183 12222 3606 17402 13231 16994 12963 7549 9738 11062 16369 4326 7221 6052 3235 15348 12389 12379 13511 10328 9943
5996 15562 17470 5272 17624 12710 1648 18831 18587 7996 3529 6683 7855 7832 18632 17303 13065 10123 17411 11453 4917 7057 2849 2895 14732 5687
19399 4772 19076 3501 19121 11425 13194 17658 6700 2043 14252 19372 6400 3443 11951 13854 10333 12409 12980 447 4338 6340 12310 9375 7677 11387
6146 6829 16827 17406 15727 8516 13756 3860 3792 2989 8269 5529 7229 17962 12790 19126 1124 5939 15785 6032 7352 8648 8628 325 12816 350
12607 17648 5697 2448 768 8585 16513 2567 5420 10190 13193 17360 10084 16060 16233 10760 5249 19632 17464 9172 10814 860 7326 19343 8514 7296
2844 7841 7562 5969 9324 13746 12777 4575 5289 12852 4918 11741 9129 2919 4016 1854 18221 1865 2463 2385 7438 5476 16306 17516 9930 14474
10850 5202 4310 13860 12335 9094 1895 19442 7495 18461 8503 17435 5056 12889 12457 12649 4743 15934 9527 15173 15523 18257 8168 9216 2588 1211
13862 18652 6428 533 17128 9619 12368 17357 5770 11819 16211 9651 8263 5569 9300 13671 13097 1078 11924 615 2075 12120 6523 17608 3605 17024
10638 6119 6349 17589 3266 2156 15314 14173 17282 14419 12542 13722 8408 12621 13467 11053 12066 18682 4960 18221 2614 7199 6725 803 9429 16915
6202 8154 10743 17111 5300 1689 8137 14461 18636 5348 5742 6784 8169 12645 18398 421 3283 9386 422 12090 17415 9938 11394 14085 892 16460
19705 243 18754 1290 8630 13432 8175 14064 10348 15257 1177 9394 536 7972 12336 862 12538 12569 7565 10289 16283 5816 19441 7794 18318 6220
18484 5778 3187 14028 19921 12991 14865 18291 12790 15340 4393 14988 9105 17047 17775 2230 2579 10984 2521 1961 15499 14014 17765 11126 1084 18494
5489 5367 2613 18647 1656 1240 3835 9713 15129 8301 2626 14916 211 91 9053 5279 7433 16495 19879 4157 11362 3040 16977 19097 9469 13548
16478 9138 19207 13623 3938 12558 18203 8939 8655 11923 1052 2221 8445 6130 18720 4044 7690 18743 13007 7193 16279 14219 4289 14827 16404 5015
3334 9716 2905 13773 6587 14950 2902 8081 3877 13088 17242 15294 10398 14593 7415 5517 12849 9638 10375 9054 16976 9894 8768 8115 19652 19226
4011 15163 4714 13345 15995 19764 6368 3981 12544 10859 4465 11188 1214 14293 9383 3957 17450 9202 865 5084 9301 5234 8823 12174 6553 15300
10093 6484 15802 14405 6639 5688 1680 3348 1788 19828 15968 8733 3638 18113 9798 8210 6988 3650 10246 8727 4198 6122 19229 1175 6424 7747
699 8654 14050 3906 5046 7104 1173 10281 16296 924 3976 3417 8243 10362 6043 1142 5548 591 15621 5700 3688 3418 2781 8586 17234 4164
19453 4083 4214 11429 2869 8324 4491 13693 12781 14358 7237 7676 7003 8249 18165 10155 12111 8959 7647 9131 5501 15065 17130 4841 11791 11166
13981 16548 14830 5821 19032 14269 6302 300 6224 15585 17734 14966 10240 12642 14093 3497 965 19443 5498 1082 8540 6228 17839 6188 9274 16793
4674 17766 18783 6164 14591 12235 11407 4922 7260 13704 15528 3348 1868 19958 6228 13246 15816 14538 16006 13571 10885 15323 3538 4543 17978 6345
9271 3848 6274 5601 15843 8646 14916 18183 16896 15937 11721 16230 13513 6882 4341 3565 16025 2953 7798 15404 11584 10216 6716 15269 19883 67
646 5194 13540 19246 18307 11517 18966 11261 7889 13675 767 8916 1098 8205 8773 14799 1463 4077 680 14394 16110 14280 5915 13985 4091 10832
18362 225 15061 387 960 14722 14527 15662 5955 1350 3392 9738 9339 19307 9840 2729 1740 18327 4974 13731 6861 5240 4809 15033 9831 10696
7370 2867 18978 8997 19544 3506 1936 5935 7264 19896 13797 2065 14156 12620 1467 2055 3887 9726 5099 11579 18601 774 10515 14744 7543 4035
16990 17877 6793 18196 7143 16349 3192 18794 18785 16592 12074 3230 2839 13825 5155 9375 19623 19394 12452 3068 1217 16116 8674 12498 14999 16353
18493 13329 9515 10766 2515 8086 9128 7189 17145 13763 4001 17652 19593 17331 9171 4544 8578 1143 15010 14711 13666 13303 14247 3423 17900 11256
17546 4304 7085 7940 9199 3479 18617 19735 10227 7227 3807 14789 7291 7963 408 15030 13726 6369 5631 10076 13073 3916 14540 6562 11319 5254
5236 11169 4435 13612 1111 7612 8506 12560 15735 2960 18126 8866 7688 12164 11702 6013 7857 2486 7111 8758 13441 3437 10617 5731 13165 11665
14370 8164 14275 16838 17391 861 14779 15263 13274 2801 6832 1794 16075 3805 5379 11644 7471 13444 8712 17689 17991 2188 10620 7301 12249 6923
8249 12568 508 9140 8064 3280 2811 19150 12586 7234 554 16578 10128 16271 12828 14906 6698 18742 11614 9020 19955 5030 19907 8407 8304 4479
8133 18721 12120 6973 10289 16335 10235 7161 8298 14032 4469 12690 7685 9623 12014 2319 14992 6272 16747 3584 6497 18464 1686 8189 11473 14599
4003 18324 8591 4089 5706 7475 19321 12496 16899 7571 7492 4652 15258 3306 14238 7240 4013 9113 16214 10920 19096 19395 4876 16497 4129 15157
13133 19574 10196 11829 931 3448 7093 11561 18541 2053 15185 14094 7701 5071 17363 11214 10487 12939 3419 13775 15769 19156 937 10560 10016 11880
11563 17808 15691 9667 11051 13427 6375 16391 17217 9947 19375 7577 7335 3377 6272 19243 11593 19267 11674 7867 5982 8275 9889 13103 9384 13964
9928 3613 4990 3325 7882 1196 2945 16089 5591 4710 8741 18481 18461 8448 9536 19912 18197 1316 17316 19193 14763 9244 4780 16955 9051 2178
4724 8591 19879 13070 14693 1201 219 17881 11005 8192 18915 2489 2154 13079 5981 13988 13678 11652 11531 16970 701 15496 19915 13353 5993 13812
52 12111 16855 9000 1539 18365 8269 9616 12722 15110 1036 8923 12177 6900 15390 4179 17868 3594 1237 3770 18289 2283 15867 8598 5860 7741
2028 8685 18838 10490 718 479 1098 11399 18749 4998 15370 7592 3854 16547 13939 3645 5547 4967 14384 8279 5697 18905 1210 9580 1115 6816
7089 2342 11638 10877 9633 4504 14406 5832 6905 18064 9293 8905 6830 10323 16779 13299 14595 10100 1105 15151 17267 5617 2431 7648 7988 6013
5946 18325 16685 17106 14791 19135 3736 17192 18581 17115 17720 17326 8924 13601 5615 19921 2081 8168 16818 8563 10023 8298 2589 12201 11572 11472
15952 5510 12303 3498 12900 11252 9475 4821 1625 18340 1188 2150 1004 2164 5786 19355 5469 1448 10371 14766 717 3479 17211 5166 6211 12710
18766 15207 15980 17305 289 15126 5532 6621 2300 16139 15069 13446 18761 12578 2329 16279 14419 14758 2155 18254 5097 9071 7292 10610 1436 16621
1258 15649 9299 11888 6650 17022 2791 6795 18008 828 8277 15091 17818 18024 19158 8262 11731 5705 517 445 11860 10983 6932 242 16028 11424
5023 10470 14122 14465 18553 18890 1380 15130 16635 5921 133 11734 2763 10661 481 18735 13927 19696 13490 3287 9084 10392 998 9616 3190 3361
9092 9509 18868 5000 18977 12395 3677 5514 1086 8183 1241 8265 9737 6134 12065 13534 718 3794 9445 7621 17829 16918 1281 9410 13410 17412
7520 2899 1195 12559 13801 2835 5205 11575 6346 4702 13177 18264 19346 18903 1515 14302 5241 17187 14468 1349 8642 14945 4160 2379 17613 5300
16033 5892 2398 899 8397 10999 17506 3531 12766 9734 19578 3617 13684 5630 15000 915 19080 14661 17187 5824 12693 4000 6249 8809 2380 14464
19783 8689 18630 10076 6591 5314 14524 4634 1545 2869 43 9545 8785 13129 4793 14023 13220 12539 7292 19384 11275 18764 339 16330 931 19360
16457 12087 9415 12068 12166 6090 2206 8296 12042 15238 15023 19203 4878 16245 13722 6440 9347 19603 10673 15583 6183 11636 13282 16860 8786 14793
8868 2172 12744 7887 10241 15570 10424 17259 5085 4263 15842 15359 5862 2467 14047 1787 12534 10983 18563 9423 18685 12466 7151 17134 5476 8975
7888 14737 19486 563 12015 5208 13131 3593 190 11706 487 16456 2821 9164 8675 1544 11839 19346 206 16354 1326 5305 9848 13796 7175 4605
6047 11146 8265 3511 55 11124 19751 15351 17587 6383 12942 1983 10471 1128 1020 2039 17784 6011 1540 19382 9720 9353 15345 6755 19468 2375
18919 10932 1026 12360 17625 11769 14560 6353 19081 13755 12511 6529 15946 14898 5375 8002 19676 3606 2154 1156 8352 8110 6745 9857 18303 5956
6438 4001 9630 5203 14649 5926 8912 9987 1425 16583 7076 12732 7066 19282 19563 19329 18136 812 10635 9052 6180 10568 933 14358 448 11449
9146 8234 16021 820 12883 18227 7915 7613 12525 8749 19180 17965 11378 1839 9496 9891 12044 15378 16388 8926 11373 3191 3464 12618 17958 9015
3494 3684 17406 9826 15854 8399 6378 9925 2333 14983 6947 19084 5474 9648 10167 5610 4312 497 9306 1877 13858 14823 8515 19866 14527 4042
13517 4046 2623 12242 12791 13168 5496 13642 15777 7589 15818 14186 12035 7286 17694 9063 17939 18964 11727 14815 14093 14972 1734 12718 15279 14293
13618 4337 12785 5363 14943 7482 17803 4745 14429 11294 1147 12887 9508 10981 6635 18665 10487 19967 3048 9991 8635 19395 13862 4253 19126 1314
15601 17745 11309 1360 13501 17697 18392 19952 746 5775 6093 12256 947 6184 18766 2066 17818 13092 825 3065 3740 17994 14668 11865 5302 17628
119 15850 16608 37 870 2294 19937 5546 14314 8545 17895 3781 4036 14640 13011 10762 7548 8561 7863 10699 16058 3403 16325 4733 15781 11742
11849 9669 4770 13756 4897 1347 19245 17288 2942 12866 42 10316 19000 12758 10668 11926 4065 1119 4203 1028 15167 9914 10801 3286 9733 16064
9779 17651 5668 7041 12257 15094 6382 4044 693 8475 2269 11082 5232 3780 8893 14245 8733 9526 18652 4077 15738 10172 18018 8105 12701 10177
15549 2096 1210 8070 7097 6171 3356 11815 6669 18797 11173 1042 3142 7567 17798 8393 9748 5748 4807 14508 5501 18889 17197 11023 18998 17233
4939 543 12880 5330 18662 9296 993 7047 13911 15787 13136 9363 11790 10454 12378 11727 804 12787 5193 2966 13961 12491 8244 15628 14759 15148
12612 382 19415 9595 13285 6085 6278 13490 7043 18979 14446 7165 19057 4285 4559 5838 11615 7024 17499 18908 8555 3100 2779 13484 19888 13238
19197 7069 15324 15728 14550 18017 15573 10567 19051 1284 9485 19168 12017 13986 8722 10053 18698 8089 17138 12421 5169 9644 16403 10360 2915 11592
11449 18989 18568 2294 5550 4840 9476 8358 13269 15433 18844 1492 13068 1788 19908 12521 13723 3842 4546 3748 15019 5460 15215 6205 1570 11515
10110 5358 18848 4765 16784 12303 17155 1991 18949 6477 18118 1371 14787 16891 11304 1757 10603 12814 6713 16196 12378 12264 9560 5232 7328 16667
6181 8736 4773 17601 16385 12641 15321 1243 19798 12435 8081 7985 8865 17915 16165 9075 17059 15300 337 13327 2517 11279 17284 11801 7869 5118
16887 11652 2884 2681 14341 382 10031 13709 18020 17915 17226 9688 7218 618 18217 13626 9247 15663 3637 13937 14126 19259 11266 6137 11019 6325
4009 10351 16441 915 1179 13686 14315 3214 10674 13043 14838 9009 18132 14280 4914 8318 373 3439 3798 1218 15569 8789 3727 12837 10450 4829
934 8249 6871 16566 15093 1597 8640 509 6132 1021 4724 10852 2692 16617 1838 7231 5791 3056 10324 12795 3992 1879 11420 9517 12055 8275
5071 5348 19678 8061 684 2768 2880 16779 7024 9099 14065 18825 10997 2042 7160 886 19139 2681 12628 18791 3453 15114 14974 18796 16896 3695
12185 9319 10359 7026 9780 5818 9393 16987 18444 6604 13739 13590 16954 11108 9820 11243 7456 19186 8850 1833 15501 4386 9013 17110 19947 19875
10733 5052 5854 9554 15220 173 724 18671 14028 17295 18016 14603 4854 4737 17757 16157 19970 14496 16542 11141 4974 10648 7514 2093 1092 4866
19161 11498 19062 10668 14878 11113 1397 7777 12617 17562 15832 3012 4233 13901 8966 7686 6434 11344 8577 18316 9861 2574 16075 18057 17997 109
19180 19528 18214 8025 13240 2329 11799 13954 3884 2941 12625 1874 5586 4448 5861 1022 9201 5142 4955 4089 4454 3841 7099 4787 7280 16812
4794 11901 575 1780 9508 1504 13825 3604 1095 4110 11460 2474 6172 11751 16339 19719 11289 13589 7359 14102 2279 7913 18516 1447 3937 3354
4628 15557 10032 4569 14807 17594 18260 7364 6475 11736 10047 3312 752 19377 9593 13007 5637 15401 18965 10835 11105 9924 9750 14255 16522 10539
10751 4795 16166 1620 9684 15287 10385 2601 6695 14165 7833 2893 2500 12027 18535 2083 12095 4403 18751 3913 13349 5007 848 9497 4201 446
9467 19321 8367 7677 12220 2017 9876 17175 10354 13405 3817 15528 14421 10788 9637 11685 12785 5184 872 223 995 13582 13568 12285 19892 3093
19841 2354 8614 5140 16125 6241 15668 15931 1212 19531 19521 17192 8022 17651 12627 8420 18862 11591 4118 2441 11206 4241 2519 12482 7179 12971
9253 3446 19747 10468 12993 3993 9597 2353 5868 1620 10835 12194 10771 7817 6802 15773 18646 18583 18676 14455 5971 460 12095 14568 11805 10333
18119 8458 17067 4640 16702 6752 16384 17038 13129 16529 10500 1211 9833 1282 12441 8733 4933 8440 10893 10941 4311 6508 6686 10176 15938 6335
7911 16851 9546 3145 14844 16028 15090 16787 676 4765 13323 10921 16374 12190 19297 14856 13100 9219 18428 6410 1347 18842 5092 14359 12683 1773
5116 15859 17400 3228 7066 16982 2017 13317 13021 8246 15766 17741 18672 993 6586 16361 2290 10694 7059 13821 2540 1916 2034 8834 18579 19539
14928 18891 12854 4579 12263 3066 1925 2635 11625 14169 3172 14374 3359 16715 6855 6845 8738 2654 13263 2854 3516 935 4925 1508 7674 5217
990 14058 12529 8406 4208 10234 18075 9893 17213 19128 4234 2675 8234 11175 3919 14274 13583 5162 10053 7556 18317 9678 4576 15208 377 4056
13986 18916 13549 6271 12273 2921 19235 18989 2918 13739 10269 6494 655 4353 9254 3288 3062 8037 5442 12812 18438 4017 18364 18070 6810 5112
2254 14788 3951 4637 9701 8383 15217 9683 16268 2408 15750 13168 19710 11915 542 14544 9379 13393 12506 4281 17799 12174 17554 16880 7354 10477
10801 6548 16904 10484 3101 18367 7189 2063 7962 9204 14838 8573 4576 4678 5323 18540 19436 17507 13200 15937 3717 15485 4663 16919 6931 14916
13470 10253 10262 12205 8753 9345 3871 15208 18812 14310 14550 1504 14459 19768 3603 14627 10890 12322 11974 1599 19458 14258 7919 12098 16885 8187
3012 17713 847 11647 7494 15396 14240 328 17405 18271 16252 16183 12840 12792 9620 4596 12429 275 10681 12799 2075 1071 8417 16096 8682 11326
6169 7073 17558 12096 8139 192 19226 12693 16511 1276 11689 14321 6134 6797 4450 5244 10508 16552 14083 1330 13774 14302 7651 17070 13589 11124
6538 10986 2416 8194 19386 13378 18365 13990 17261 1580 4532 10307 719 11365 16604 8422 14522 8291 13213 17989 11912 8882 15973 17455 14200 4322
18342 10265 3025 15023 9749 3281 5378 5385 16377 219 17184 1423 4175 16606 7908 18616 5221 7512 17445 3947 13415 11411 7743 13758 2020 14412
11167 11683 19668 13269 10218 12806 4475 19920 12385 9392 4213 17496 19385 19575 19141 8317 17960 7338 14876 8517 13026 11101 5409 12700 6067 4429
5780 6004 15034 13605 8328 8329 16076 8205 15959 12993 13310 9341 18857 15397 2679 10205 399 609 18795 13779 4155 17330 10104 18942 10141 15069
16479 19054 937 17464 5697 598 5508 6417 898 9009 7778 11133 10007 19013 482 5095 15138 9167 12241 10307 18145 2188 19577 17302 4760 4525
4211 3586 18109 16726 4180 6252 7766 15292 7604 17678 6003 1561 7030 15381 3004 17363 18728 8463 8809 9782 7103 14372 2816 18643 14272 10309
6552 4523 8654 10255 6699 11912 9144 11628 200 15305 17160 9437 19429 1682 13072 12178 4050 9876 17972 6137 4795 9714 9046 12383 16321 8811
4311 6085 10095 12873 3007 6544 17925 5887 16227 10701 12563 3576 3097 2193 19482 2239 3042 17578 5756 18975 7514 2273 19654 9103 1764 8917
4043 14744 3263 5897 1147 6502 1392 1813 12782 19272 12416 541 4253 18600 5821 4556 18603 16468 10394 3298 10191 3864 13051 4098 5509 16970
9539 10734 18865 1282 10895 17295 4164 19164 4001 18260 7308 6451 15968 3021 13880 11528 4498 2727 4859 7858 2406 1617 10377 12514 6592 18829
6225 17579 3263 7521 17354 17934 19175 8203 5113 7968 10633 13672 4862 3150 13606 16809 10553 1128 19709 13411 11034 5537 18175 9122 19029 17425
10322 19221 3637 11988 11003 735 8157 642 4590 13299 19433 14824 8332 13771 9501 15965 13902 1297 4617 14424 2493 775 9024 3809 9901 17337
17595 17502 11276 13608 3881 5740 3164 7902 17137 14648 18552 15307 314 3129 19711 6655 1402 16542 12665 17760 9227 18197 15385 10371 6137 8817
4416 9689 12261 15766 13249 14033 400 16708 9307 9305 17127 2557 6271 3909 9489 18936 17864 19025 12989 9870 14085 501 3146 10427 4237 19413
12035 19958 538 8664 5669 19050 1513 8801 9114 13036 7596 13443 1583 3594 7377 3466 18234 16562 1347 9316 4142 10939 3602 2931 3622 1693
6802 15651 4923 7787 18555 3880 19631 376 7568 16749 5024 6989 14938 207 10948 7492 19988 7915 16888 9499 5571 11088 3837 5812 16569 17577
12360 11876 4679 9395 16058 18229 18910 14683 9159 7762 10082 5093 1773 11882 7916 2263 15376 15266 4603 10560 18800 6741 1065 205 5827 4744
4257 16298 19317 15801 14033 9022 2892 953 5746 16369 19266 16352 13301 10508 17612 11552 12829 6997 12884 12 6878 6933 15840 15642 19676 7046
128 6324 9139 14041 11342 17798 5883 1612 16532 3019 16360 5653 6186 11387 18796 5179 16099 7509 10386 982 5192 7883 2592 9822 10678 2352
16364 1677 16587 9742 18174 13360 19720 17832 2092 18191 3140 15293 1791 15578 19125 8034 10008 8898 13183 929 17969 6252 16910 699 12266 13859
10872 11107 9831 14066 11325 1780 14291 6739 6467 6134 13282 7575 8483 3149 6799 7477 12956 9062 422 3414 6976 3854 2619 14212 17880 1551
19592 10665 11526 16434 1404 4059 19174 19434 1902 2309 6671 17086 6630 17998 19047 9611 16055 2995 17271 3640 14847 8241 3019 1323 15081 3898
16418 17942 11964 16696 689 460 14031 16597 16323 14222 18533 12349 3187 12695 17412 7593 19350 3003 18945 16550 18872 19917 11974 9992 14561 4963
15899 3127 2307 10004 15827 6221 8509 8651 17683 13729 9048 481 9389 18200 16602 958 1398 14884 11775 268 13697 10230 295 8677 7604 11874
12905 12388 2393 7080 5192 6835 9714 12684 14810 4724 4037 10223 7084 5374 7939 3982 5491 9404 3402 5736 12024 4061 17346 13628 5460 16138
18827 2084 2455 10417 3103 7775 18495 1288 18478 13087 12274 18228 4806 19485 11528 9166 615 9063 9044 742 9387 761 13308 9078 4679 3529
3712 13727 782 7886 8273 3015 13773 3002 4002 15583 16532 18640 8388 10860 16774 15496 1330 19863 1686 14270 19839 8849 16673 3923 15458 14412
116 11566 4064 18717 11042 14041 13043 5267 18203 2921 13506 9345 16596 5270 7567 9843 2994 1858 18689 7411 19051 4193 18845 5282 16787 15137
1510 2659 15816 13359 11074 19554 14961 8276 5084 127 17198 3556 15152 1843 7787 15838 17994 11216 6889 17290 15107 3797 9009 14867 10301 1329
2640 10444 11353 8182 16574 4581 12418 9295 46 10094 1713 17410 11031 4727 5368 6946 2206 15237 15649 17736 8866 10583 18138 11174 17505 18393
12581 17776 7714 2476 7767 5140 1101 15521 17785 3522 4311 3354 10711 3418 13835 3822 4019 16951 1371 8157 10971 13119 15635 7969 8097 17422
3373 3056 4637 3665 11975 6521 3821 11843 19771 2769 8882 13683 4376 6141 11653 13661 17731 6661 3548 15806 10854 1029 12764 12871 17168 11003
688 480 1675 1556 10605 12975 6882 3464 1322 11585 18439 957 4278 1179 3581 11793 14957 12027 11265 12939 3220 19214 18410 12570 140 2684
10995 1652 9519 7569 1064 15689 12662 9557 15897 3630 4313 12376 8755 17365 4713 9926 13896 8310 18104 8269 15677 4888 2301 14698 7819 15738
12862 18647 2202 17477 812 1442 6665 9275 3882 10017 18414 8604 5958 10020 11342 5842 4571 52 11185 12835 3499 13504 771 10022 19183 2255
3836 17137 19524 2768 11678 13411 5168 9597 1950 17595 2544 4720 2078 9946 3013 14314 13542 6601 10693 1650 6539 2381 4324 16915 5702 1932
11118 10548 14747 18643 15157 4172 18914 42 10861 16709 14888 10563 6193 7184 19065 17856 17735 12239 8864 1907 8818 4137 17312 9479 15989 10762
14183 5908 13288 13387 3191 3030 1625 2374 2268 19525 8028 6568 14720 16422 11854 16411 8435 19480 10734 18372 17015 14288 7068 13095 4515 6790
4005 7036 3367 6122 5252 4596 8952 3416 7016 13672 3055 12657 6334 5905 5051 14614 6916 10693 1573 2757 18821 14625 15384 18698 16450 7917
10856 18130 15275 5668 17310 2585 2077 17470 16124 12474 3166 3674 178 11393 18196 19136 6721 6660 18950 931 10243 15844 5938 8466 1153 1054
16342 4026 13230 1860 16165 4388 2643 12758 2770 12243 3861 10632 5934 7656 19981 18290 12953 17048 12945 2052 2908 15736 6047 7968 15401 16959
14968 1010 18091 14285 18770 18183 5408 4856 8356 5871 2769 5608 4074 3643 4635 18556 1900 6448 6041 12850 13077 11803 1520 12301 13381 11556
6934 5589 17557 16881 8197 13503 16112 11421 15755 1201 10822 17087 256 15724 454 5884 15961 15867 14645 5770 2342 8836 12198 8368 13249 16701
5040 1292 10077 4806 6169 5654 6126 66 9337 3590 7391 2010 50 17819 14115 5842 18382 13053 17579 7653 18808 8910 18068 13020 11710 8997
4544 13840 15851 13463 9005 4353 10558 10473 14830 631 18413 8258 154 16527 2067 12207 17908 2218 3775 10485 12605 19783 15997 5212 6947 7596
16729 9970 9004 3901 6684 1321 10899 7950 7392 7914 16648 8434 17294 12545 11678 6751 278 18057 10558 1872 17523 14746 16977 2678 3215 15236
10283 6870 9790 14442 16713 16998 16506 14670 13106 9283 4818 2832 18732 17167 9658 7144 3003 14254 16672 1729 16738 9896 16254 19025 11949 6350
18143 17977 4540 4342 2221 2460 3400 1268 6495 1110 11407 9643 9275 12850 16142 16586 3678 3393 1103 1688 12011 1887 17267 17920 8781 1372
7053 9025 18488 15351 13708 9055 2438 10943 6674 2777 14311 2566 9337 18681 13544 14693 1499 17880 8254 11668 6931 9972 3765 19041 13430 10179
18680 18118 9705 13727 1481 13593 18884 605 19167 1445 19206 5556 1971 6536 3977 15896 13718 15143 17998 5972 8940 13032 13245 8644 11610 17792
3920 7376 16188 13874 9880 12645 6796 8702 4352 17916 1309 10490 14390 16924 8482 3528 9619 14926 7995 8784 6816 7726 13258 8341 15392 3436
14889 12507 14699 7521 13385 4840 19082 152 1542 7259 822 9414 15624 4741 1504 16784 10057 7305 1097 1223 13565 14031 7768 19532 2079 4824
